5.223507813367051	5.009091887374704
5.308235856758593	5.109236754535843
5.56362087715489	5.479258853554551
5.571464028293109	5.568219508808814
5.089993428165669	5.4066415181244185
5.817880382730455	5.884162524937072
5.7337019175149395	5.950913829845487
5.684262645069084	5.210300231398051
5.137994485249872	5.456795465024672
5.627720759739887	5.0857336144612635
5.985211837395177	5.5067831054564245
5.760710821037234	5.48950273228474
5.254759605944965	5.729665514053854
5.7838188817997	5.234377275827261
5.47142682535133	5.972102968548219
5.611645195109024	5.147209795252871
5.035653014271357	5.489723756430532
5.537955808671944	5.367098341562092
5.165448914619182	5.697942857086405
5.648181707837039	5.022246436756667
5.684869763222912	5.1835806996938905
5.114905869288067	5.642902047785467
5.86626915730443	5.437526361525323
5.858391724834177	5.008736139303052
5.3061940280171385	5.28967364231284
5.540942978328728	5.376983587671183
5.62992424163042	5.749037410131409
5.834661737211382	5.461491467056512
5.234197382168192	5.7739722937650395
5.664871158880678	5.945188371495623
5.772653888737963	5.5518724809240085
5.062798861649699	5.484041834432524
5.708096704952441	5.728804305607056
5.821400617225101	5.133846960373092
5.622278292883104	5.609278765262028
5.804795985763976	5.3892840778492666
5.939257707137268	5.914769647658411
5.304992197197274	5.971456337872272
5.440798192946844	5.3552470015734865
5.741082594946024	5.07220418017681
5.232829572464082	5.014361544812083
5.678069722137485	5.2602485016194604
5.6033587414995125	5.2080548365943535
5.840537196523522	5.959224439846397
5.151375010280807	5.325504105962591
5.889532779594482	5.281450346659817
5.043592351263005	5.345198761449562
5.579111346599099	5.675597301549321
5.433573584173169	5.350683968084468
5.823259647361615	5.662313753362879
5.060645249118039	5.1875165960323715
5.210851282210257	5.156261133706442
5.231705402341575	5.4375207834487735
5.481375014107537	5.234827463978032
5.313867970825961	5.012155402381116
5.73215387631425	5.43641734537388
5.1889673981329025	5.2479013191705395
5.570906495470927	5.616796068021482
5.690456469714727	5.356915449849579
5.844999912384206	5.513346621839261
5.432185768767267	5.755381260554912
5.83166990856927	5.380859684332007
5.037428004589675	5.579482469362499
5.866106745863156	5.135417731224428
5.118828383332644	5.20861287824584
5.655236245953789	5.837147164071122
5.047668546111841	5.358089793906571
5.630132538591494	5.067532086432529
5.278233543858936	5.758413930200762
5.3992981489590415	5.148803021282458
5.111770559337655	5.702234749405275
5.829611039548024	5.313727873022088
5.2409560845049645	5.12446738751188
5.9515720735002375	5.121973199407282
5.083200508344486	5.160137053466547
5.498572904071842	5.700392253621911
5.160905018258724	5.469923727592021
5.46435639042326	5.18008835272341
5.909791779863003	5.975759893345464
5.994195062012922	5.514004656043529
5.260025790317153	5.677347311191415
5.068290019027133	5.220577093401842
5.361054783422499	5.542130351374881
5.966916869795998	5.681935802541119
5.853445206899007	5.0212526257889
5.327941216082359	5.3727082345985355
5.1917680919006415	5.361640727385288
5.17823471401446	5.998372864984452
5.416217276492211	5.6277512549318
5.856906663339469	5.695429348520463
5.104575395943547	5.957013693448605
5.0512461276545615	5.900350274531146
5.579614564585299	5.072536975552429
5.056802086831713	5.8680928775270695
5.027697199831464	5.648732185949992
5.796198107022669	5.107934948121429
5.312292309021891	5.917638847149695
5.994066876135902	5.00344322368589
5.62217538132959	5.242443500938344
5.921362932846305	5.329411318929564
5.164784499436194	5.972912778589595
5.061363618745383	5.861761150823571
5.507291025119	5.522595969582111
5.275440716191478	5.728754072672088
5.805231995840597	5.777768770661511
5.011896631924118	5.7277903550715354
5.254621186542148	5.025861110956487
5.55350428137832	5.7882016143399495
5.057971783755141	5.378615422966271
5.756394868795877	5.428405413162453
5.391140084047641	5.5890816760110615
5.092769358100539	5.155828268528513
5.603502462695693	5.6093699583530245
5.188078459796479	5.851458415315241
5.489903636106269	5.855184337719409
5.592506095785046	5.158227239669633
5.643970517324936	5.822295719994638
5.9010760486434854	5.076725670786884
5.579909894572607	5.568747970618216
5.929585282913202	5.9469582372938685
5.963085092542823	5.954063001835236
5.147224471636305	5.8921288710207795
5.896377818191251	5.830666599168712
5.283906610198745	5.096807635982241
5.83495741813083	5.25629757427318
5.186321123443201	5.9024328859760935
5.738100564459263	5.179960491398653
5.957324197318549	5.752343719462302
5.746332128764481	5.9322651586262465
5.359107493053685	5.094577699279506
5.702372199439459	5.739949703105724
5.553482263157849	5.970581314077779
5.953585759238326	5.6925092005749285
5.022121252107936	5.711437672944914
5.148791907896497	5.932426120297352
5.46805509868237	5.16817709344948
5.023336438473644	5.144887128384566
5.226867601434563	5.488130823421482
5.153374036021891	5.261279737547939
5.149208800671863	5.602751827293727
5.776342747473998	5.253444195242408
5.0101540241405065	5.784118707285985
5.80653586197495	5.9113121286145205
5.687263379007064	5.571015658245888
5.089613627668781	5.898777613163891
5.665290682990218	5.5976563738622644
5.715666205774163	5.207995578287706
5.12457578104053	5.106086456966208
5.866427048590424	5.288356012337302
5.149218154146211	5.0816648813655325
5.981615130262953	5.012107632773616
5.999198760084186	5.342495534717664
5.451169966970629	5.564719097123176
5.448312688482111	5.758464497170161
5.438230668755689	5.866483423499131
5.429946095899378	5.540546544146978
5.318689672422953	5.719261362836753
5.939162793535007	5.996059069865729
5.63502040111044	5.470971981021377
5.9069034714363635	5.471128589398691
5.072415553756595	5.871520286660151
5.2571875065722375	5.847286932481215
5.269558903450364	5.36719186112522
5.480171459593767	5.723764215556667
5.015889403408745	5.062401297294373
5.930984025495513	5.797919066210685
5.364719526489703	5.4043354088069195
5.832034129149455	5.096050602150369
5.7361392342998645	5.5934074683172925
5.353727896925832	5.211874106816341
5.635462698396828	5.644662908206974
5.621705331208042	5.279328339903562
5.677282526099363	5.502492671600501
5.376040737478387	5.24072721197327
5.9847337792792406	5.122833192413751
5.344508391406601	5.230546676338431
5.651356590341028	5.583313309463939
5.452855421811188	5.274618233643699
5.590885940112107	5.733942473811612
5.332810334730768	5.618496726670049
5.339908978311342	5.584002517485072
5.765930147783259	5.900456823548929
5.728603396277597	5.438012869139991
5.861941433821835	5.938602234581413
5.273404740284289	5.309574389130581
5.396907996010106	5.23263941286341
5.065526090581018	5.036209964063627
5.486735022371092	5.954856139731421
5.6142514524085065	5.639741489699244
5.308742681251909	5.747585510535355
5.293048050526594	5.103905424149511
5.951294790555035	5.841072102313574
5.2954893690171145	5.803306139588387
5.567000922223544	5.956493267057787
5.397380599310934	5.1028735304176704
5.41044857624187	5.790468807738271
5.7150210338506975	5.66382715740954
5.61910320555364	5.342834924426162
5.094887213744652	5.715326947170939
5.030702837372953	5.564158667384846
5.826905463861486	5.519956233607453
5.663058844821301	5.450862974878301
5.4851032260829955	5.8002480295256555
5.343352116456917	5.422280913884547
5.9919248197574175	5.275583513651044
5.522936893620924	5.541415427522444
5.252999343012531	5.731701581288609
5.06791097035669	5.543485484813686
5.646954140966418	5.581479283829293
5.18964926892959	5.310099751735184
5.639372567440551	5.279766135984395
5.824232000216658	5.1920696586274335
5.6252649565717014	5.088761357420253
5.698608854481414	5.998475941114176
5.932959759539519	5.969662569231138
5.1186313441197475	5.369113793601053
5.83843544723121	5.132807200751423
5.320294249426384	5.611734299199344
5.073291022343917	5.275685729803234
5.746449930911812	5.545635243377196
5.963726054149658	5.573255689337362
5.515451259889772	5.858480465306437
5.617571024413628	5.422874943579244
5.0861888463015985	5.655822199375787
5.313347277277633	5.490461816570225
5.5163450986253935	5.572076277115065
5.838643693718073	5.114216292080428
5.04909999883423	5.563341073343773
5.170487657881798	5.2235991308010545
5.752862735818765	5.763073171675625
5.400270507008054	5.562010941206862
5.82106450351415	5.614293336484015
5.097319690541871	5.652167197988596
5.857039261483659	5.017412123713276
5.557175761558314	5.950469909490159
5.234326333980519	5.894848187643763
5.178979845428088	5.356426477355797
5.2771059781194865	5.94887228721685
5.211707844019378	5.249724617537755
5.0224354039533115	5.7042202400702235
5.4900659498899715	5.081313608745324
5.313687722386322	5.470194150622399
5.059799629764896	5.8893136625849145
5.214641183791697	5.928520495583898
5.03085880189425	5.631379072222019
5.789770382390115	5.053712068691292
5.335838060353049	5.04350844713923
5.23226719405783	5.411848230354099
5.875574408977044	5.118571251767876
5.797486741221773	5.712662747504816
5.533982123494733	5.73716805648687
5.6474861504479135	5.0230951471730085
5.001709521171924	5.425941318942621
5.884805522223678	5.795916349884955
5.961850415736469	5.324615863912261
5.970900449622015	5.875242197599076
5.407176171583691	5.278432901896515
5.617676199618913	5.284909481239115
5.96910299609151	5.4949515506527
5.422812250186328	5.113682863378472
5.64913994459156	5.016081387172798
5.557665914292242	5.287481149250287
5.4504646096319025	5.389318933883711
5.963517808672851	5.0286368353528985
5.343580325844823	5.6794071287802375
5.06224403830291	5.548413988653675
5.173915841476794	5.672031570849007
5.885760542811569	5.652646561150695
5.309980320888103	5.357845513421359
5.157672595359024	5.8299905920707875
5.40055228671977	5.588526321070862
5.638371716840519	5.6576818230546415
5.543591177368252	5.213951749298471
5.441656094943045	5.859014765895384
5.475043548503327	5.61698328115904
5.173666357103664	5.919409525566774
5.027128779555361	5.422434855941836
5.554124369781424	5.345403813785236
5.350218009951745	5.583062449672754
5.496704996666452	5.977612694339957
5.706157993461132	5.054488983438104
5.957763125982954	5.861658167729237
5.673792305625977	5.371353678536391
5.983175009204645	5.24031241347548
5.503110442222489	5.593340944334451
5.090220209422763	5.639526939161965
5.053474300271984	5.5318224558446145
5.421813734440563	5.658162362072174
5.601386832551322	5.283666518511588
5.944796688284027	5.9692535924797525
5.827052889134826	5.942182107570007
5.502635515014282	5.355173821886355
5.5802112866814895	5.495917101045837
5.262411548660616	5.812589210185493
5.23868700831341	5.141009669577074
5.170568092368063	5.595779062870406
5.451517580640903	5.587273342755056
5.557271412671177	5.154342722364311
5.977644450112765	5.263803455631112
5.5094533884451655	5.901621370133981
5.013435166352513	5.664908055289372
5.237166825143827	5.089117090704351
5.670377146712736	5.304478063445791
5.508968032007563	5.9918465784028925
5.827446094412996	5.942728097315766
5.724641075879826	5.810150588503564
5.285412693241819	5.249583281306309
5.80538002396759	5.908106719938928
5.893120540786233	5.260509787082746
5.482970872715644	5.096247264691246
5.8161055251500136	5.527977144463542
5.311374106062742	5.306648404662076
5.020139851363128	5.13090048501844
5.467747272560469	5.732008299840002
5.873485002257039	5.477899906735566
5.365991158689318	5.5495699949561565
5.510521967524142	5.230557283131819
5.599077482143382	5.906158842396023
5.44996957614653	5.489427970052521
5.500429658838166	5.449155219165639
5.131596601607389	5.237898478291937
5.9714518249665955	5.594180235713203
5.5677470274801655	5.8037167520537185
5.356652609821797	5.931352612980094
5.169309904280172	5.7321637823986435
5.128461336205051	5.4413684742763735
5.9567299916876895	5.322034538102492
5.262616509032458	5.791238743716815
5.989646964738939	5.727169844738743
5.863571160890978	5.324755370972066
5.47094555912179	5.865291162765055
5.132882802985976	5.137789343402138
5.466349533798071	5.847861630987585
5.3331506805023094	5.362795619678617
5.952520211406034	5.189610626290197
5.9325855379711605	5.346286755370067
5.430220159856785	5.746620143530834
5.53007924610639	5.906615049082758
5.497192428316812	5.727656057886048
5.87829453414774	5.95252554014335
5.927916201989533	5.318885485557189
5.103346071856088	5.666833671087974
5.553769606697913	5.736577096611508
5.452892733483751	5.308807799824232
5.32219976889	5.1745875471901925
5.999910846405318	5.539923303670312
5.100325406459084	5.0335660679283265
5.403426668386897	5.776920210418277
5.7572065297416435	5.707164356359299
5.938017761378538	5.469484016559722
5.118479174822515	5.771331876886552
5.777888872706937	5.058676512700811
5.568871983211621	5.012167980426081
5.248763235165959	5.330868438250096
5.199401192221251	5.918219355415848
5.916845996435314	5.293807541076498
5.4423447750899125	5.23115521304354
5.441171210355497	5.743567855376058
5.72697950834618	5.732578885283336
5.95774235333526	5.10164933438054
5.1902385585259	5.942325394401963
5.146851964421165	5.088101226130826
5.45551340845871	5.215289684141323
5.095403369033597	5.545320485909279
5.550095264640197	5.227455468102242
5.107196303120445	5.5647745376954285
5.196279794577034	5.030104337217427
5.6180474679337475	5.079576946723907
5.277648196580646	5.689946521331523
5.851424923884487	5.236463764144954
5.650579008608327	5.2510608100829845
5.555993792506757	5.511809737299655
5.755639592110423	5.155520794469395
5.623861597262649	5.011326943637636
5.365840646081782	5.8004911112437005
5.888290502414076	5.720168853026323
5.192812677407367	5.017150368968614
5.333907708885297	5.814970219220253
5.620676228971491	5.640117279916939
5.910124458786755	5.189809302112079
5.552195513975167	5.190884474909699
5.546979579262969	5.479614922051395
5.722161723369614	5.494797698041292
5.414372575998601	5.254225972399454
5.21367184283802	5.691979638379941
5.728809053353437	5.8404479619373
5.473409185906721	5.809088988453202
5.783747591275637	5.603727024755507
5.3380733536824865	5.443827478105842
5.316661128336383	5.226927300742196
5.939156650302682	5.128300122487115
5.637056311213306	5.9930822991190045
5.382577259571523	5.973749301162839
5.681127393243633	5.8939454499742014
5.036037321076855	5.437755485434243
5.846592045788	5.609636451931564
5.608692188058803	5.510362372751581
5.788637766360098	5.331361837593256
5.799805639330827	5.744032174198149
5.242086866483601	5.961276845643329
5.902564939852663	5.40744841103715
5.703051353680747	5.52214455333593
5.3177661856131415	5.697150183149671
5.738675349692507	5.818122731927758
5.510750057004956	5.900123326987559
5.083760269648639	5.129796307915394
5.969240353234638	5.925810769249601
5.364942445382075	5.138416903018629
5.008511448227624	5.108033233820594
5.1200642391570135	5.224917222036717
5.461314515718971	5.60150924058328
5.816052639884344	5.352886313405096
5.481810487183022	5.6105824153513915
5.958608732620496	5.330341252362412
5.253741045282498	5.276060185160341
5.84517644435301	5.128414028898524
5.608917330886135	5.863072591345147
5.370307986606466	5.28279013944296
5.472905591343132	5.254649720308022
5.498720066447973	5.796925036900731
5.3788320091595585	5.7614214460832445
5.411679851268225	5.126482521200792
5.298906994099241	5.143066858405598
5.4174235173799055	5.740279585885673
5.327421218158864	5.691931517670797
5.819873598659825	5.392672102337775
5.356771347466755	5.369578002599412
5.6212615308847464	5.952747542803031
5.834203330223144	5.113779555595323
5.299139723773351	5.82657457711303
5.7641972387884435	5.555527113166889
5.776301535467712	5.729741495118025
5.613004689791443	5.9208299683364904
5.66142524961513	5.116017850825421
5.226344678767327	5.1378015515249835
5.2018019649518745	5.335154824819937
5.857662703289147	5.340489263477075
5.272073260513753	5.387327452904259
5.746899795587121	5.157414062205113
5.675810651425793	5.849988763663809
5.483373236186489	5.815391698806209
5.08262505552084	5.132210318215444
5.06039714116852	5.360975077337675
5.1658592673147234	5.774562198162003
5.369829422645629	5.354318177539996
5.669665832291613	5.937095376778405
5.430584945438689	5.037610222136883
5.446590408943923	5.73407894212093
5.085005244820641	5.716627298807463
5.6777939152170225	5.632615079768987
5.391709820197097	5.322707473229077
5.054495716906072	5.35651429377824
5.173293271905437	5.697724324417303
5.407765889328102	5.673174532534174
5.685789811717157	5.83542766374324
5.691671314113848	5.632297145895603
5.0248323541266915	5.748267745613855
5.238430620761536	5.784442267905035
5.285917867439086	5.254089137881955
5.923250227177193	5.683272920286426
5.747915717064093	5.19719848258958
5.496591334329018	5.482445673334616
5.737341260543854	5.874126075145583
5.397389874003097	5.235486048604456
5.05960381950746	5.992585690537165
5.659909499193158	5.278595412384439
5.775925789852388	5.964953413242325
5.244895712239966	5.859031796831662
5.1558564298943015	5.82809053668615
5.15046387965644	5.090124332046608
5.180512950734789	5.047920360672378
5.493317564114003	5.725476078012182
5.3184992141303855	5.233587315408844
5.140308591608547	5.3276447201854875
5.54658165221336	5.941383204100935
5.973700594492586	5.32591246463402
5.6961122664120545	5.508182533860033
5.136404193716659	5.588655113761329
5.770271504837538	5.37401236274265
5.669027968425247	5.089245158124887
5.831481574461335	5.636423347614455
5.701964861026828	5.051396386742717
5.72376341680424	5.288534667044001
5.0139983814218585	5.320831482682709
5.6693976266290935	5.722633963961888
5.73039649975264	5.880139589963241
5.9888396168833	5.832573152131408
5.072036173860416	5.339875393764922
5.823568285698732	5.4860162780081705
5.37179822085386	5.887527642924587
5.1453995116689875	5.194275577542134
5.786453132944948	5.772908914847764
5.616055843246938	5.777262555369503
5.807972710740842	5.516076518082563
5.098430616026461	5.120837373409603
5.326941061983246	5.629853900955833
5.612415102823434	5.019170582958839
5.822813570722555	5.237315277214829
5.93685679853546	5.852567619084884
5.592023563317005	5.700514389888871
5.434105465002071	5.781041242053154
5.502662598722447	5.4720406230833065
5.719868637259084	5.606342123456361
5.195692788058646	5.931078299127911
5.683752204864796	5.630530965993821
5.479310789662829	5.214995210868831
5.428180698220509	5.355194691321415
5.280761496246901	5.2437453355003045
5.875301189222602	5.551892940443684
5.16062216885863	5.714820234184355
5.377702291987939	5.277825370551981
5.744033549085008	5.870696049601169
5.502452099586247	5.55797306210891
5.796406690505337	5.468802146089846
5.077759003981083	5.334632004695778
5.303238477316176	5.549917337300968
5.175409233366125	5.016629109824254
5.750780586078561	5.486288232538303
5.362074238846655	5.669590918434035
5.305198283986803	5.249965312074522
5.0384456607495975	5.429937767753806
5.576037039775181	5.594567605684537
5.060207882880003	5.3391730749776904
5.741158951629033	5.872574076783542
5.167256642670251	5.99266598351189
5.433733189254317	5.830631645506088
5.251652699391663	5.715269587457829
5.236726837903291	5.309077012717845
5.595602333816535	5.9495101904335375
5.0843509717606254	5.95996627070965
5.228509197609503	5.645983011864045
5.67131736925281	5.668502014177868
5.604687486762089	5.633353103420145
5.655243701296102	5.2837480565793715
5.571082465006908	5.258395228037497
5.735018334847498	5.739326210515743
5.297597079947873	5.669826740354021
5.465987787709644	5.49110209763774
5.812427301491855	5.729002065094921
5.673840781274195	5.7128235708759805
5.095852679646857	5.332952620620048
5.51785872912242	5.663175441644415
5.926645151283603	5.188141432576616
5.095332161065162	5.94659057586481
5.448436164571941	5.241580127116634
5.935164669192159	5.305269992323366
5.7320279786286505	5.350118285497732
5.519773407228853	5.819322063117041
5.063867502571272	5.375704430862904
5.328507430081421	5.28918708636866
5.991190596331706	5.650083010749299
5.065933829330755	5.356672965040559
5.09780410969681	5.070338032464182
5.254008834363851	5.926664019927735
5.607998084822843	5.077189270046431
5.2846786959094425	5.071377041383665
5.882993415193865	5.914019702308933
5.594515698264477	5.627656274146888
5.244501166206584	5.992643104886084
5.085142496742637	5.900415381448447
5.622897978804643	5.615248621671754
5.625653363445354	5.558121303003028
5.226526525697702	5.673747818841724
5.587692873382153	5.651751144417232
5.712629724016677	5.750835462219402
5.752504471080117	5.895398005885685
5.748227428542884	5.1041208878863875
5.9294561143282944	5.629451674832551
5.0962883734807765	5.245535856569351
5.053416671138708	5.313680684862597
5.402881314391722	5.549576241717586
5.484052569462369	5.972908424553658
5.295725208363125	5.796022629719042
5.150413989383264	5.416569197837129
5.1457331502090975	5.928541571797707
5.44372007866884	5.782583152093302
5.826043155585133	5.5206422511056905
5.320838166492713	5.588448910682678
5.814594551745226	5.677787047796265
5.519643036227252	5.105962908892119
5.548504580489518	5.769278401934264
5.798588937177106	5.34629881152022
5.906928476138546	5.625483449400358
5.988512661463803	5.804292121419669
5.783900550262639	5.76214697572874
5.609936046214964	5.898587757468406
5.926639818162746	5.629661848226115
5.135405146867887	5.418432290756395
5.747254916462364	5.172455399642882
5.396463412111405	5.611578470457002
5.914490256739972	5.883935720891861
5.975980882201716	5.099067869382053
5.045086551569924	5.737312749869159
5.755814588463712	5.217676780347137
5.8124445693280355	5.518534380762173
5.545064975050571	5.538455617274568
5.1372294932055675	5.127398598168301
5.512411883882942	5.9853675539066336
5.225640500062968	5.488307342373502
5.374971080139228	5.84714806989592
5.1346963863091055	5.949642392871402
5.541197212733014	5.664796488810485
5.084194049862965	5.655194548990971
5.476649437107525	5.2327947924673
5.006452036553554	5.348141189712072
5.046848286427501	5.507241541409373
5.3428128634267456	5.634155398512049
5.9332592338431445	5.931525590062725
5.8730364560160435	5.614137301978222
5.812154629913289	5.495654292383181
5.579614834351396	5.66189203592525
5.618243453351957	5.375054825560851
5.776194251055244	5.365546275450113
5.247376690067121	5.344036861069996
5.542225510300951	5.68288418770648
5.171490883501819	5.3228777652330646
5.0012901957346205	5.756809591274994
5.952045667444678	5.195974563357765
5.7683301120411405	5.76999665512113
5.668411213409404	5.726689772740931
5.65381273743243	5.486380651643922
5.2551801336778405	5.463676385401561
5.7233464309832796	5.999495445174751
5.619861711185731	5.3573151713864915
5.782963975891732	5.231431425991321
5.362515542895107	5.812442765130786
5.94143810991088	5.500883599457736
5.362228177198614	5.638472413473835
5.325138041606445	5.99021911485119
5.137513124058884	5.037707844656369
5.062886838611023	5.781694117512293
5.48108623486787	5.008829574395106
5.115901147346751	5.325199660640282
5.994179954457161	5.59466268930933
5.9832030568029495	5.785924333511739
5.8495188953703945	5.06176986573473
5.078231615971587	5.259825377790406
5.530102494249603	5.064285125148938
5.73236050903704	5.068402561118889
5.276838302207561	5.969690440675777
5.752872759106233	5.877896368366725
5.56580314084722	5.128980258944438
5.579568411309125	5.15414257158523
5.764584312274556	5.008287589725592
5.332513492577458	5.406317997985
5.045593363299222	5.718512726806653
5.771064696093434	5.82563186312893
5.266561149196469	5.461738894602331
5.7914211472123025	5.34034173825736
5.08740846866992	5.3209210693665465
5.3861600440698805	5.0434028403639735
5.40118918772366	5.169458764286214
5.272984301455452	5.263679009877963
5.173123734647636	5.173560755051529
5.907624626970373	5.642611699559806
5.843900436555626	5.090563892268925
5.47664261070431	5.8975656937632195
5.671742027182293	5.933136336545388
5.333447524411917	5.829399493799904
5.409139561294326	5.425501157458582
5.41415238199914	5.530462175242191
5.733990632630319	5.481578277406031
5.618215867886569	5.176883078979425
5.807232515602397	5.029973977321317
5.827193459491608	5.828853351725405
5.658470472203186	5.5517364591595415
5.732167775636502	5.4687562683778825
5.889975078280538	5.0267798349698
5.826046772899466	5.798574378257199
5.289291420160745	5.603829953248822
5.7522931689031225	5.753207633998145
5.858433317676251	5.668704578952938
5.375304939237459	5.319202911786974
5.647089417319884	5.177477248239464
5.380823222013047	5.95420343738647
5.9538144007552685	5.2167799572447615
5.723586103919509	5.119966074780581
5.070959208851995	5.429095801855077
5.39346256599703	5.68724038463008
5.791724151797475	5.868769727020537
5.673889653829187	5.820035507875948
5.4415343234955	5.673106184909633
5.463748763200528	5.952742979363543
5.915328650100951	5.471838271924975
5.376731112875194	5.299616434400094
5.758141147674644	5.084517007110462
5.086719951760752	5.259609450772186
5.985253239364039	5.825369648161499
5.03755072004983	5.202922498451528
5.460856645382982	5.740338925297903
5.094867404007828	5.717418589241735
5.880908834947655	5.063263718170135
5.360086386628932	5.134641008752347
5.630674790625089	5.612080780816946
5.188496159992732	5.688100702437721
5.458772236442121	5.637888896169933
5.651549376386244	5.5683299303895675
5.082527122003614	5.968845361650991
5.350441149108055	5.189079747547065
5.775639675259822	5.5936978442401415
5.219239659152984	5.908498435469522
5.790392723438332	5.836280720630119
5.6535213356737115	5.9009582501875615
5.809954026651537	5.098351111658092
5.512171450942901	5.065964646203748
5.628725388396414	5.807035450568435
5.9360242078751675	5.498553133261536
5.7745815856392895	5.7462497553100675
5.032814163646215	5.106157784702174
5.960176900114941	5.531390567400792
5.8942407292990815	5.52440334845368
5.2807705083716145	5.168468076982299
5.965408248412013	5.059910888738946
5.183444356587451	5.974804260381237
5.280907513773914	5.66616372009649
5.522665920530823	5.125071269477992
5.8266669101874085	5.4647046198639835
5.128179848364232	5.999493503920216
5.107903683012003	5.894841931403787
5.217212110786143	5.479042207992842
5.775242325133632	5.2302243123507575
5.167873912841572	5.29892638381059
5.4183849278425456	5.564966869872274
5.664828157763153	5.131346185267565
5.7920992808490315	5.693904421337748
5.202314144856324	5.549524742782833
5.991532211361099	5.651409250031352
5.837001709971374	5.9517312140939875
5.672952825617887	5.241370850797838
5.276575528501831	5.833532883032361
5.543917846262121	5.059729377820116
5.49485763045336	5.357560681036658
5.941046886614478	5.53456681713333
5.411545771516531	5.614973103867382
5.823621405895624	5.377720527174592
5.019088949016241	5.313922329286425
5.226360006064684	5.966097315100282
5.208801809379651	5.0791854037127315
5.353014901482663	5.391602149075872
5.583723552927593	5.913052824087183
5.551950474083246	5.605275572533651
5.060837760637027	5.271007705903
5.534954102465337	5.095988968276114
5.62414350528283	5.615592031463442
5.751075936661273	5.3106089075904706
5.662545801306068	5.23668286739367
5.4606604305306465	5.396573343425382
5.691946062376386	5.118512678977136
5.928687603456753	5.1724763898405905
5.831922939110495	5.25376982500189
5.453049032479879	5.476347720569305
5.568427039700419	5.81512864113184
5.581124647188722	5.19695196517922
5.179638914974656	5.452521601847865
5.278757220695274	5.521804414174015
5.175388691786076	5.134568413364812
5.613086486344396	5.754769147908286
5.507398555713386	5.1854776391240325
5.489925921965215	5.958608328217538
5.86006700457679	5.775554099827377
5.484326185764115	5.606949971690902
5.436169521606449	5.983422264729566
5.874489788624071	5.997098567783274
5.699440014376987	5.860338707902077
5.8810116190590245	5.562629591095068
5.080439905664269	5.977985525579414
5.719300149567124	5.698825499593093
5.938173545076667	5.712881181724536
5.5377807087830915	5.38852291612464
5.5250952785416265	5.620995894120085
5.659274984199278	5.45275924613148
5.290982123963545	5.0732447656496
5.287172952152091	5.137996781395458
5.202151196668804	5.340296538066122
5.154816211429071	5.634201628251654
5.461512517192426	5.577701564071921
5.673161359752515	5.724533236078441
5.2155532685083585	5.994344026102439
5.133224766936879	5.360363082294454
5.875106451390838	5.103836007738566
5.6453704864632535	5.569776829233066
5.731694926919499	5.0222941819823035
5.592781082870985	5.766455559403404
5.62259367112048	5.468894992451238
5.83861264765883	5.724575513221231
5.423785805856623	5.020131106484985
5.509846634700733	5.549169159099838
5.347619241084131	5.2295531185200534
5.031129309722802	5.046338714993398
5.19737275522665	5.126256927651172
5.656229347711916	5.904405725698935
5.372902931004441	5.516671599438482
5.701603195555516	5.191653619197107
5.775444189743416	5.5341995809801645
5.683934522878949	5.925988680537441
5.187222360241119	5.7585500785417825
5.639871599843641	5.542120115311138
5.819852540793816	5.927419780376076
5.132878268473068	5.037232753516693
5.005988885930537	5.036489152668526
5.657106306483494	5.493993207788074
5.037260767477071	5.502717640187063
5.12848633653408	5.026649405742495
5.729277940383157	5.18678145887211
5.110934633800387	5.8286739844288
5.780450557211995	5.588389069743541
5.06682484686341	5.887242454581606
5.816271447486278	5.056168788812839
5.383655583850972	5.4682365919139695
5.787456488627674	5.216831810190779
5.006143003870381	5.421564219772119
5.256334145335819	5.146934855121402
5.689361177152389	5.150929949488869
5.963144054261518	5.991771085583167
5.645756395615183	5.710387509441627
5.283175526656768	5.649072892357121
5.660303385612904	5.754656720900941
5.394883419103611	5.893508039953089
5.941999023402638	5.59597443833557
5.365893481818395	5.8689081514760035
5.769346186577313	5.0010436327522765
5.332498063047608	5.737007903203104
5.688171410698426	5.480547092957015
5.380699829591631	5.017673080889152
5.444140587172766	5.786920229383424
5.983059614706745	5.259077269018773
5.3601281404184045	5.888386845357608
5.028841366636266	5.602076292104478
5.235964169405925	5.480982339089334
5.126035475792314	5.073768127781231
5.589783065854781	5.075029583815213
5.302511356037426	5.6657283558185085
5.343074671599039	5.127195338249587
5.775870146889783	5.841522737167444
5.317109464927098	5.823050696658869
5.860469153128269	5.96965198630506
5.698589218791405	5.092560176534869
5.826211653532021	5.557010533994929
5.8269374219061705	5.197317640603954
5.910626998523556	5.5775590754809565
5.577172908435247	5.5992838132530585
5.910507419897978	5.115689960704354
5.636901663869744	5.857189961724182
5.243244252208902	5.537754758523093
5.980377261006963	5.764142591547444
5.0131733852495355	5.445503280973153
5.036348361259579	5.518273276939373
5.3991382487510045	5.350279337625165
5.275121498330175	5.542951181824083
5.275426291121494	5.362732085270005
5.857822400356071	5.583069733141453
5.476413504915263	5.252152221585581
5.515713164179124	5.2286317519556595
5.900321108449485	5.079676561028769
5.202236468083755	5.471379877418849
5.3857707751516495	5.835078826294676
5.934210743242606	5.197372357017079
5.379710299954874	5.217603584272917
5.166047362271786	5.21482471342069
5.397278324460201	5.250380092187016
5.811399906780262	5.797673643734139
5.129865717531861	5.585145819814178
5.248218819351141	5.471600475647339
5.236997091848577	5.1070828814875515
5.403744347903264	5.9110043600868885
5.660325501856825	5.968251389371888
5.922673501718505	5.0633337720581295
5.487115383735557	5.213885653104267
5.142187656562545	5.240364132220277
5.868877568261071	5.164366906361172
5.9123920949331765	5.339935374018153
5.351149582996376	5.688229879680535
5.704390987670532	5.374041037031437
5.984280572607962	5.685244938734568
5.537686628090602	5.527597948466115
5.888993261581664	5.507545776447319
5.3919821231379865	5.416674611660101
5.873761116056038	5.738495865301542
5.699931684985777	5.337690920159623
5.556365889892324	5.490046032525339
5.03066516281663	5.225261306355034
5.174555794794512	5.701169190346473
5.828428843272413	5.7022916536819315
5.779700306684305	5.9517838624564785
5.228725909170595	5.150103491001937
5.32928675445276	5.7760379797417025
5.132842681644417	5.999616325871877
5.037407318650641	5.9253878933717425
5.5909134924093875	5.251361218618239
5.978747067717629	5.961071477411824
5.360993373438346	5.306188513696371
5.686698511166228	5.222284234918937
5.12172137221807	5.311188793519783
5.854179469352949	5.170526124422961
5.703528185945308	5.523110674359983
5.767458149772882	5.342530968877723
5.6776564918672605	5.788545079664078
5.034865333381708	5.100349105656722
5.642205236464795	5.136938122661654
5.807785537340724	5.7744174157367
5.152748903023438	5.779455636507843
5.751269690655552	5.00767225146936
5.742683443397823	5.114998168084562
5.94299277948082	5.712655064024292
5.305945817330613	5.775605351663357
5.4379106465546405	5.990097300157871
5.599212082807801	5.078191458948133
5.206404664882422	5.135286115452578
5.754465707145441	5.88313782331373
5.684457363890957	5.290872539665017
5.90428070449009	5.22645250052217
5.068262073739647	5.621053601632884
5.592951901031994	5.380872029845049
5.346091551881147	5.308225603485554
5.782188438004848	5.794141622711119
5.946268828311765	5.788678139540403
5.572359305347336	5.6546940814997875
5.029519823427883	5.84433414446881
5.071628951007077	5.551443984220988
5.124860266665445	5.5280007663821245
5.5087872106404125	5.1130409839085935
5.31657924525549	5.216650917847441
5.283011095709651	5.13478896487252
5.733105951708698	5.544887010087357
5.632536252266968	5.609003784085994
5.274023777759498	5.5183197094572165
5.302920348383752	5.2358483142029195
5.568593085335559	5.537857803432394
5.729471796752123	5.581633642033269
5.1003005359887235	5.20983030518767
5.790031953957866	5.968206620266943
5.2734221971892525	5.601147223493453
5.412165158001947	5.56868177093493
5.08119870485565	5.228787344709462
5.248370454095608	5.926794113802175
5.713087695042904	5.760576260740002
5.140330988367711	5.67065729362659
5.113891330631956	5.593149370979655
5.081638016615993	5.836153605088874
5.39731346088777	5.067077282976958
5.408767661740597	5.376469143613013
5.169031376843659	5.752783414498736
5.259327388572008	5.113954769688824
5.187051544940562	5.423303518739772
5.900587643413348	5.8578837666507475
5.564380854232517	5.388253772210859
5.963023934826806	5.831542476550913
5.853286764721053	5.126283462179602
5.040823055864378	5.964657307078491
5.9714779246280125	5.750168350989513
5.945864892287423	5.756273497581336
5.967162182166866	5.577172985326822
5.411635877929836	5.982548853602642
5.365796429558138	5.525355492810147
5.016195516408419	5.528279275366733
5.575781648551089	5.577598114990824
5.344856468296284	5.816560435059031
5.931187196004758	5.701209753970898
5.46148035034767	5.606729036291958
5.038298194728186	5.612047966440604
5.822203630276895	5.310474533708041
5.073655071338216	5.666845702912089
5.577565160034192	5.041229255245132
5.093091110288742	5.889551309717717
5.812119097500747	5.1740085454309765
5.4988103735664575	5.95921267956568
5.649605168765256	5.363470731046104
5.975814150950424	5.602469271478424
5.005593962233302	5.547823541687682
5.210696757771342	5.035705930616385
5.743367736553518	5.102734627688353
5.17895729505592	5.655309488955683
5.467593993999315	5.171569965378424
5.3703281697820895	5.251176302526012
5.992585872247912	5.343777008777931
5.135434659269152	5.958044181774275
5.043841943615022	5.935312659888475
5.206443848517246	5.1764899520929175
5.1136675246989665	5.364590188839635
5.081380715625728	5.678600798325674
5.395773982412543	5.234877174243144
5.732785271793695	5.949057574960811
5.4274932978231565	5.512529358491155
5.139089137829735	5.988775759159253
5.468872241231992	5.8342907142720435
5.166357493844516	5.849031092982986
5.299451727664961	5.02087330593378
5.719715069838163	5.4739465682855615
5.823585998172271	5.379782398159474
5.8256523365067	5.264157794978447
5.792814786743652	5.264272415121356
5.000699151412301	5.190869359312788
5.6662136583102	5.326882222890905
5.82561564752716	5.861105241337885
5.579015504694095	5.64848652705732
5.213400588407968	5.740035678590982
5.953726919554093	5.621986955200765
5.921890279971777	5.3866963362485105
5.961616501172686	5.692321788203995
5.306694308536109	5.90958608006325
5.71363369347893	5.751213517743106
