3.9361365763446416	3.358976949930714
3.215051583384361	3.6586194885451695
3.1221015158071594	3.8647262810807947
3.638469798576402	3.283262947754003
3.1790421546871857	3.8154158211798643
3.187557323821234	3.1056564337499637
3.4825491481913	3.1130538682948323
3.142510765202034	3.1927224414627418
3.601586625326724	3.0771884176026556
3.7216301642054694	3.104788308664704
3.2118309366368503	3.5505240191641176
3.4408023465007433	3.5470540569678093
3.7009622431070737	3.7575206936219256
3.0830416227411357	3.277158213032279
3.956979691046823	3.7348032017755335
3.7013507134645023	3.940935935791906
3.1412558008955083	3.6455944675495933
3.1450620647363596	3.478470025429152
3.4309060380304626	3.7123036718667692
3.337504934519515	3.4773918372380477
3.288950708973877	3.9007562416185215
3.6757398695933885	3.6692141430083547
3.9351657363710975	3.546657936254416
3.6744650747394543	3.758090690392302
3.17156129885739	3.132850800654538
3.932955522796304	3.982750311004357
3.220940684008686	3.5099632127262756
3.528463619539812	3.66408371765777
3.4876942337273893	3.5317825622986785
3.8187484655598336	3.1780478654325006
3.465910507635301	3.7186247043031186
3.1313595064655386	3.0160827585375785
3.027730696863899	3.0623247511443443
3.986921062819933	3.054111022639261
3.694963148297069	3.2760580723589916
3.1887585656891746	3.4781711521574037
3.319578900138128	3.871197651426083
3.910531141395465	3.5538823254302456
3.2549069860750683	3.3173717480035942
3.0922170720475113	3.390390797098922
3.9724672627710658	3.823225777187976
3.131341556520287	3.5271783132371466
3.66842764240605	3.010921624944868
3.235377173339056	3.876935746323182
3.748140923460589	3.5270680241571304
3.0181586174312303	3.4947200675586925
3.6441267621955786	3.8094609724621833
3.1837293677355687	3.525722706064882
3.411395691168029	3.53175256942955
3.9460001013520456	3.0058466514263307
3.404166248325975	3.9991289098193943
3.031383734213324	3.6843840992066346
3.5425609853607805	3.611762821214843
3.664111105708728	3.895260842930569
3.1167908222648526	3.301555322585585
3.079331789095598	3.520891323513232
3.5919678332275997	3.7505758031830974
3.446235387217267	3.265773196176116
3.5452906388153886	3.4724241741797996
3.4945371317669696	3.8518258124299773
3.464919500233206	3.8615502828109696
3.949782668697479	3.570308097104344
3.3549796373679746	3.0960417996900076
3.7524772986260713	3.0702610520400047
3.002456231406184	3.9005531960565647
3.078875158556915	3.0551597081373028
3.7555371243473785	3.3092115579284695
3.740987271639634	3.968490014817481
3.8599581363512776	3.707702277257623
3.564518105155981	3.724452298971834
3.9873803522125035	3.068756446669956
3.5329453986473567	3.1195231961184664
3.209408914154773	3.540694163330959
3.878618737009888	3.8874218978861954
3.5236692639820397	3.596599500508179
3.735892937056822	3.016444925616598
3.5370964856193927	3.9177027412624117
3.682874950533648	3.8864990680402043
3.892115295191309	3.927700064474996
3.269263683108607	3.7330848100873104
3.0311847887945556	3.144911911965695
3.428743841510143	3.481721625557787
3.509323429557469	3.392353627711738
3.019737144040899	3.5163050117850476
3.7118926744632668	3.0016675837930427
3.9096110581293475	3.491031427772463
3.6646022091098134	3.0720922044090484
3.8852896495664373	3.09746645189347
3.437621187617214	3.3886963098304927
3.0397438949274393	3.2508974902059538
3.486788993827029	3.4411784022460346
3.3589298320726058	3.5153418142318005
3.2482275399992493	3.2042800162940948
3.4536944788899713	3.6596690223879804
3.036731142758761	3.197834180603993
3.950484636895567	3.6345809568927905
3.696867776171504	3.9453825951205284
3.208711527337649	3.767500069716375
3.665752681335705	3.8195260409603953
3.9151287289590275	3.3716985014287824
3.9782071484809056	3.2800763116472584
3.528931223495611	3.6561758763067957
3.9378098117755993	3.0703036719970807
3.4016118394147297	3.565679193059721
3.5611489744395057	3.099835409142397
3.23146983786635	3.997849278557361
3.9562417984827283	3.1932172079340697
3.8561831779288482	3.3647443590848916
3.5213365900542977	3.8469415199895693
3.6385567180134517	3.2182394097776625
3.1290742277397174	3.7279671664793725
3.8633414342336483	3.1447027034737687
3.357935282566806	3.1719456413614333
3.688963911551133	3.3271636525277506
3.1821027166590325	3.3896302313196185
3.14335102776856	3.070692332610464
3.0383875412725265	3.7097524790289746
3.988978786424383	3.4690176024535786
3.6091634316917123	3.03954881439844
3.664742086612535	3.6483693689995818
3.92247596254202	3.910073015292533
3.703706640960599	3.7170355131752446
3.7209446325090005	3.0924964929668666
3.9522379647670234	3.2216623682911507
3.7320452761608465	3.963926867217732
3.3108981973567926	3.5410791434243096
3.232227873341185	3.6523109719355875
3.9995869836095856	3.298686732580257
3.9079839574796167	3.809165545782877
3.5793768888644686	3.911985174055939
3.27432639217091	3.1988120370130986
3.72978257004946	3.5984636970082295
3.345720805660081	3.5285120724531156
3.240540720067866	3.118422279887958
3.6888918896835894	3.4364858684213466
3.794568521959596	3.0790573595808937
3.254165908380126	3.6447752786174665
3.9895868888171453	3.273411904998901
3.937747674105773	3.4660331453210667
3.8769249967796005	3.2618011566616616
3.549353654198614	3.299383175904376
3.265002021232747	3.0920291541094236
3.430769892507499	3.6781319166247504
3.2088167791586697	3.446147726640582
3.517634120080424	3.8125324485922936
3.8391000434771314	3.1298912037415465
3.382175689977948	3.562491442245044
3.48283013525808	3.4184600795181437
3.2506951081951834	3.144137550737164
3.5104622446856406	3.859046011485746
3.1386510322468215	3.8788510339447386
3.181729986960426	3.939222852063815
3.608869308216258	3.359652281997206
3.8734466510273684	3.553621879300019
3.9114493189962602	3.057504672898999
3.5400570797297295	3.1893434107909946
3.789239759551135	3.7806235254738865
3.322124421380775	3.4088177214010673
3.5009031388307443	3.4888027060074127
3.962338623414653	3.0156812155261115
3.167871006509828	3.950085510935259
3.3085213705142493	3.7368063298988643
3.4078404584620303	3.1744117376410865
3.9257332656440984	3.1892761157702556
3.977553579665405	3.5777747583662265
3.0997089195128904	3.312072886242936
3.007004709032225	3.406288092274863
3.716292030820774	3.370578419823401
3.2671285424538232	3.3392757684247707
3.2137273336207235	3.3205503616913417
3.8148227353655075	3.682866885003972
3.959077964023826	3.2380227252039364
3.8816738706791623	3.4095902954114257
3.977555248970087	3.3141960353559696
3.01965643628882	3.502548923867134
3.824830776750864	3.25184797233658
3.2803546856955395	3.481550066972658
3.4891606198814697	3.6400533976251506
3.3319916888912084	3.195456770095507
3.8481035343917753	3.4522707476467698
3.874832196231042	3.1967399084924897
3.0712023588175716	3.8394281670396153
3.811992524092794	3.65287337369205
3.4268928336458733	3.7971384950539537
3.6719858472814284	3.1168684478703814
3.8008665533186794	3.801757545937498
3.408768565173637	3.6304359620955395
3.834076287225612	3.283765852524935
3.221938111124233	3.447452839260192
3.0625144051274247	3.208431362686712
3.7272703175666075	3.22721309411633
3.809169165654236	3.7920146251356286
3.967325769735214	3.805302579600328
3.758592747819226	3.3238188718764086
3.514963815971533	3.153292795738655
3.887159090162547	3.501950222040056
3.5170254258249423	3.4597539549424607
3.564421586324954	3.455858933313393
3.767637669619484	3.2032682349766635
3.8509979648835038	3.516370267959034
3.8010236779021955	3.820193115861942
3.583536566097326	3.0883487125162263
3.8350598143401915	3.7666741382394093
3.20602259766959	3.263908735913133
3.692117750594042	3.7563348755650283
3.600430809577282	3.9894888292286286
3.65312203461124	3.6239858029019265
3.41960136323851	3.381095221812279
3.549883319118445	3.196163317583301
3.7960929471050213	3.0657646005037433
3.7690150130120954	3.9503517487113737
3.0927799520300785	3.577470881178505
3.1688610732357456	3.344711298165727
3.3427607480977617	3.749782645712262
3.910963027685759	3.545505302239881
3.2096119535489316	3.608641393682362
3.353744443430094	3.7779982718572285
3.631591787772576	3.3864230543333647
3.645219899016247	3.697440390000659
3.260403430849815	3.123684914558389
3.192719830951209	3.9289002503789634
3.883354372845584	3.077522881427857
3.0373782158475366	3.5753983599351464
3.95932767328171	3.2875485254881323
3.238735892386343	3.4259426130449713
3.688012352095272	3.3211617212843887
3.1333337958196372	3.1583866514717367
3.031254014013399	3.240006515141512
3.0478047407455957	3.35154811115536
3.359069976711944	3.6172247733119613
3.3153406762963398	3.4691369083054173
3.882550093033763	3.5772286400030193
3.6780557407828725	3.735359991034345
3.380287937939455	3.7365148950280354
3.8960277822057887	3.360413970049744
3.589150365361536	3.7622587176143263
3.6627452972463104	3.947772532148089
3.8605372212161195	3.8353088061260916
3.0510517919369438	3.813795233419653
3.745921410450059	3.61547078922498
3.795194619250287	3.679189818066638
3.473624550447312	3.3050211235220286
3.3999320131986446	3.846200552554202
3.520391385465457	3.662999333112891
3.844690494318442	3.2395914540495285
3.6973026347139877	3.843389876790376
3.969732894640199	3.719241674613407
3.7651719050330885	3.957458810308819
3.1571392530949165	3.46321961843203
3.4891269205957673	3.384026568988193
3.0406569038770637	3.7835954640582248
3.6076350421799885	3.9908141983759715
3.735105601033466	3.6545130375120456
3.686018499228615	3.8659911991216744
3.11004746481966	3.498151440159742
3.8980931885456047	3.603058457805593
3.222174172296957	3.450400110554971
3.060173847883495	3.084803519584958
3.3943215120733163	3.077371136872693
3.114327526204736	3.158210092892571
3.7486576636128777	3.4495461204168487
3.0261653655729095	3.896925852544839
3.2882292114281975	3.2636052586851627
3.1078338771636997	3.9809974560933012
3.344197967006651	3.066992703691808
3.809339892309826	3.6601845761200034
3.020564119683469	3.11868535404409
3.0353399016551057	3.078898469488991
3.6672764517755247	3.5863649936448168
3.0013148664559894	3.8119220206982574
3.9196358834270653	3.1771033366952883
3.310445182385761	3.81370595117282
3.3980702791242567	3.7146778961863163
3.0438547217735556	3.6166162961596977
3.9498439595510133	3.8725788184808083
3.6201762322466373	3.7542155811909357
3.7584342983767742	3.0052002535517532
3.1759509147210303	3.1289343015858315
3.0709303329923605	3.1573233187177943
3.5273608504931566	3.795932124738213
3.4329679391004104	3.708158647769101
3.6774662386577117	3.416230727407286
3.2198474766574767	3.3681652310132444
3.302119958229956	3.8354598874467967
3.704720158978655	3.7601241221974653
3.4549449823200256	3.1916732045594496
3.7236535057633913	3.6716755628885163
3.026386266983491	3.394875345777915
3.9352173867413645	3.479982158143451
3.444166842824233	3.64859676133847
3.070008657708385	3.664364107795645
3.7025355937785136	3.072683596726743
3.734658841421698	3.657418704712634
3.5069494122118394	3.8172616612784407
3.8464366284248213	3.2363376488074183
3.57219944339575	3.678365952197154
3.40353737986437	3.558837944059836
3.4923777544860513	3.614093658022333
3.391450691052012	3.883634577146066
3.9536525858507674	3.021728384203308
3.5871355459298777	3.435515280260136
3.9720717047978447	3.53041358554968
3.6908768106876115	3.6615582988696915
3.8091887274356178	3.283980026952696
3.9558550560027967	3.236559190410434
3.1093606784884935	3.312628243044016
3.3107293966712397	3.884283819315307
3.45259858544933	3.797331494110313
3.965135969666451	3.3294825339508605
3.516234766664613	3.5145515480514176
3.7773256398585993	3.9196870043388365
3.402913305037239	3.3233191317627617
3.760647374384623	3.8228299770658083
3.823502437890853	3.1034644626339447
3.9490519249550475	3.790053260437432
3.701627857886795	3.1949277668234064
3.860217508661445	3.504293502322062
3.037118563473366	3.046100458533554
3.3773725215939563	3.516278376544262
3.454963125209855	3.7387611613758254
3.6209386107942216	3.634114447232357
3.166314484145623	3.067970699125142
3.259138046006541	3.967148579741115
3.5048604176552494	3.092443515622697
3.8269476751651235	3.175529888529505
3.3042429670179736	3.844462668358001
3.794154495818838	3.7314531768480803
3.9472255401284633	3.966372034355716
3.9209390670365636	3.6776034581348727
3.12418230102032	3.2511572953660135
3.65803911770423	3.411909693075476
3.828038969344232	3.2833775122361266
3.1406296486119305	3.3273534680714825
3.5603474835679467	3.4566722849089864
3.020283912675756	3.193315847682774
3.9475256809245054	3.2640215584527335
3.4109256928317517	3.426459513610822
3.779551872691206	3.8966023152753655
3.7595646094270343	3.519565230320896
3.327342391832898	3.1826287426219633
3.7058163869715597	3.9296793272209243
3.5658103862587645	3.8159052426239244
3.5986691318561874	3.4939993006026993
3.0935401581965127	3.614589407664121
3.148027295270947	3.7313522390229013
3.990777891473415	3.704227672730329
3.9484628995677187	3.827097032006365
3.4343303263635065	3.034131475293175
3.3556677362749197	3.502101462239753
3.297816297476577	3.2208887216698088
3.2811662500290084	3.5711940854511046
3.231975322457456	3.3141708123345914
3.357768131984047	3.5810129730053952
3.9764601596266096	3.8650066220015424
3.4266493328509986	3.8252873108324783
3.4005039427265857	3.132535497219262
3.427248273740629	3.240691191076019
3.3070110210040635	3.158656351988647
3.7330875878433423	3.6216733815981605
3.4212194657403234	3.828798417629025
3.4256774849408966	3.5764433716974753
3.88957038180907	3.0306662880465516
3.2137726254945083	3.7614379127938022
3.1107169006466826	3.1992043645088017
3.5975464291402046	3.956642984461296
3.002494939649158	3.183973526910062
3.242436444564663	3.6096815883644267
3.429058619133517	3.0976650402787724
3.5515197570586716	3.3169446769455813
3.013071088295401	3.34610357249706
3.1598338206493257	3.9969855076611296
3.5753297308189973	3.1291269089136957
3.2644841537516935	3.0485036837704325
3.2540141395449687	3.5828462235929948
3.6105849424616796	3.6854614339063136
3.4099890823145977	3.2192238102280615
3.6469261773490373	3.5610368433363093
3.4950250509616314	3.782599951380669
3.901103551124487	3.2501544623006393
3.0169731903918966	3.802004299474011
3.2643480640338534	3.6405866781371974
3.300552972670093	3.7658310957642924
3.1677390346364405	3.506268473650486
3.0952169261634195	3.3718024688588732
3.2763682918331094	3.36794250280756
3.012662839701779	3.5416172663146703
3.21418420510318	3.7757422574553523
3.1255755223661574	3.0497874873422384
3.3059008782068666	3.9632132159182425
3.3616001648132223	3.2197812993588153
3.932659392967399	3.166273642277654
3.65240891245799	3.0783641651903344
3.8775629931039246	3.0526714772773333
3.8942236192920063	3.769074589111657
3.3506440941030933	3.869282356066356
3.6776868159626313	3.193343677985531
3.5138644591001604	3.8192505622047532
3.1033397509418537	3.3782963384414497
3.4993883047916436	3.2002403000906394
3.0153617799324106	3.101440267178804
3.5649694910138505	3.893272914004392
3.6631259872612763	3.542630029836332
3.949464972261805	3.0855352999726846
3.725791747402366	3.8426259029564642
3.0604515097871507	3.38938556893461
3.8015898837855957	3.9383344293529783
3.0651658394793366	3.693106704681861
3.8150460601938287	3.5701272444921193
3.9616095973903067	3.6509638215958917
3.733816718552546	3.8836976361372906
3.8444528058761653	3.76453280548633
3.512662892879023	3.2237696346450915
3.506622706193521	3.3990935055702147
3.0084421480671772	3.337561083519999
3.8607785135411916	3.047475023275705
3.3916343380347627	3.9880029490081603
3.2190588476423216	3.752908549713425
3.8563085774948407	3.8662202312357303
3.710113739641141	3.6565295352490605
3.425081907412884	3.7846840920588614
3.2623721999462454	3.2001374705199765
3.3871433851885584	3.7256102914821887
3.4764613202953853	3.1406715582656055
3.2738157292331196	3.635283635270883
3.5779588962029387	3.4073370273709593
3.059375216191724	3.7529632855311315
3.6156098270690533	3.548123795256089
3.7750522700793794	3.088561406784323
3.215016297718129	3.6125762443648037
3.514673145607862	3.1002195564201895
3.938644676451911	3.463431386923088
3.744089752306952	3.39323616951663
3.532772610865107	3.544025481736922
3.8117792782315885	3.1146611538631483
3.470694201021714	3.6500424327045455
3.5203871582152844	3.1363064323825443
3.6686104565491435	3.760960359069365
3.0540226445075094	3.393863067701761
3.380258890508535	3.83149953186313
3.695934837095387	3.5804093541805377
3.1009084786586523	3.5263548399964972
3.431991076264713	3.595507524730634
3.848970355311779	3.297794623666899
3.9433315332194567	3.350454964102302
3.7446200872281117	3.3045732789892455
3.125552101821943	3.61733901507612
3.9332579082133154	3.5521740329098215
3.7960316022128984	3.891687430862814
3.655394702260665	3.988257059551054
3.2814942465035934	3.2267401929409045
3.8054461726225908	3.298714328816274
3.845540180259903	3.9278469984532416
3.411625893795371	3.163426410531982
3.264536682189015	3.6310297583086424
3.7142752610250986	3.3285276512660764
3.3111861971991647	3.3882514509616195
3.6016946452244527	3.661325154898641
3.942701402250423	3.59911046963436
3.148352599663716	3.602341232259525
3.170378949496962	3.5382499670904637
3.886593463014603	3.708917626393165
3.7240879401042695	3.46281198996134
3.7235696481439655	3.7629419405303857
3.8609723008352956	3.13119325005386
3.2988477118157347	3.077026411288084
3.545420109604244	3.5518624840518207
3.283722198406987	3.1952699311897845
3.7148864218116415	3.82257287730113
3.4653646397312965	3.728486932971259
3.8911204913844695	3.6134867302759868
3.8911237631813647	3.6268189811270597
3.431810659559404	3.1630858472792287
3.120636671946435	3.032731333533904
3.6690147953418757	3.7530284302993184
3.8466407561975706	3.531512619740342
3.2025895074462034	3.225723151126405
3.7875645226539048	3.9688071473961024
3.5747934816985505	3.8309870886065704
3.9107289379908643	3.576202747854497
3.150239212600422	3.5298073592206913
3.130360838852791	3.00288009230653
3.439076297470135	3.659586822292145
3.395669744304816	3.4846876647070646
3.0986771806799798	3.775423014428314
3.5167329227733726	3.1123358055500305
3.000284892707383	3.681741316896491
3.6004304930862636	3.4833960738198586
3.574491696193853	3.1746684650206634
3.7610360645637484	3.2650909634863616
3.221030252708027	3.7172466600711274
3.540251242809116	3.7772645930936344
3.6862025673056675	3.29449934326531
3.3009516438885296	3.183710076758909
3.148326679095918	3.645765894818944
3.789151252365677	3.811515155361942
3.423639351712874	3.2868519397470246
3.351380790245809	3.1322935944738743
3.279687377407807	3.4421722349744606
3.385546336652366	3.5740254262176574
3.9954417051408306	3.6690800025958628
3.371453223739962	3.740955866148308
3.020236639507243	3.201261244576322
3.217460451511311	3.472267401555115
3.151964609452433	3.528693090875565
3.053449343873134	3.1428206329036668
3.3926996810372847	3.373010724173213
3.3888110548578716	3.370543300793849
3.6182009628138574	3.8287408364535507
3.165174673486691	3.1856918673250343
3.3237493841491794	3.4517460113445235
3.3624488925433407	3.3751549576589728
3.330200640701729	3.712587512885583
3.893088921229962	3.3867864511623553
3.6467373305511743	3.177034203925333
3.978391692476179	3.0046265663631098
3.1475172379866247	3.683028430428164
3.7139996596107583	3.9622798962437344
3.994750987505796	3.20355541642126
3.9952915085532688	3.2603127915501036
3.6003426579380515	3.2744310935284573
3.4420009623843493	3.792052276094236
3.3667996107650975	3.3903312782749815
3.3210480849955375	3.4055750566905916
3.6228639235311633	3.766416672136189
3.9611208516491696	3.179070751554355
3.685803986310564	3.6734782314556336
3.074728210904624	3.2795221304707796
3.3012313828249282	3.970262872301241
3.3362849841323476	3.0115362781776005
3.145694597316109	3.355134097369754
3.794235177615527	3.389205896244357
3.5250932265665473	3.1564016573211884
3.4883618452464997	3.4089242817233605
3.0621239614075018	3.2456359819878844
3.877072091454526	3.9250222071343877
3.106116985615619	3.9372683820189454
3.7693529108702797	3.6076652035836094
3.681278609051713	3.667288847210793
3.77475771257303	3.1211663605894593
3.025990649774723	3.571972645965838
3.022480915515363	3.9557178483325686
3.0698019988457443	3.341205379527256
3.212234965837449	3.9773909839917545
3.6327782582866934	3.304589401305904
3.9047292658651025	3.9935972132060655
3.5339207427565107	3.0993500982157243
3.2528331053575337	3.208163378338138
3.010141905301733	3.3454771637520726
3.564626546652116	3.5206476824541038
3.856622418731413	3.973671359628848
3.1837082023846555	3.834930099736384
3.0817875357277877	3.16311502466391
3.1015240881281834	3.1396700688659753
3.3195720087551837	3.747995984216935
3.155841631070607	3.2072499397882455
3.252856535572943	3.3438782296382112
3.2731854998362	3.633012481921444
3.2798033995897033	3.301400395046815
3.603794740864268	3.921052210564859
3.2726970695021986	3.9456440866603444
3.3923359462293163	3.3336529684106124
3.4371600331301844	3.2383907314172093
3.228426540852356	3.371722964163731
3.779475310345816	3.5996421171339774
3.9714696388519286	3.87652192373662
3.757502186333547	3.436268172958311
3.868640057891754	3.9472938448338533
3.2690047435735963	3.5108788627604204
3.7559222917881985	3.607017880611643
3.211810291304298	3.5259278633809235
3.700451092854164	3.2162723035706495
3.7419545472364972	3.5728823312392426
3.8102117692216697	3.1534146795295035
3.4684137141118616	3.2192189986167357
3.8363537634707163	3.36398623452999
3.8995884094530773	3.107945026437549
3.159276721242784	3.70392499212235
3.634741418749257	3.6189346257140245
3.344902667274579	3.387804491027497
3.208329480214361	3.7130291104338013
3.9466690913755236	3.2844353002501796
3.5941065114404687	3.4146243032748558
3.455640797493132	3.10057552194643
3.190314067540443	3.9437756449317063
3.4388755243623725	3.869414597476556
3.014526816508333	3.8916712538287435
3.7832914334921335	3.682351846950641
3.9161422780391266	3.2573721714604527
3.829445894821921	3.9830735922091804
3.7944428220019	3.227724166701284
3.329143936326646	3.4646544531498673
3.162113887999585	3.698500703832168
3.647315617305374	3.8489896333757034
3.9541560279537853	3.586964100823302
3.038788248216364	3.769460975003621
3.5522055018000627	3.8409787821583605
3.8554522334878634	3.8028262299868305
3.86553660657453	3.9080980024437806
3.182272929888504	3.2983152286533417
3.855616862480539	3.322515990624329
3.7695123340002414	3.1434564242170002
3.3557673559803423	3.6740479404966297
3.762028670990686	3.31918250026105
3.0178457790048707	3.865227388060613
3.133785722903751	3.00239513269054
3.5468360435447623	3.263501045791866
3.0186317352106036	3.3339724020177144
3.3734291151117617	3.6287714435095735
3.3397985636376406	3.950733278588655
3.4550006621894607	3.2276640863872843
3.1438287042976887	3.7134996504220887
3.499664579637588	3.798670150195353
3.2524385710738626	3.0305699322740116
3.076733297122554	3.2213495389787092
3.204951714206537	3.1081942834534897
3.2670282740042627	3.2496851324890916
3.36388332404083	3.018107653799433
3.6378498019876937	3.2339929850464064
3.45208595816501	3.6967130639098067
3.7465676922557045	3.509913328677976
3.4894587885503445	3.3738737369146263
3.5595544472342353	3.7607864944109863
3.3206425538163424	3.274318267651939
3.128547464762746	3.0090240585959807
3.949598023119668	3.755245470624674
3.0712438891062224	3.6280953974241235
3.073527945671072	3.5399277829575357
3.512105461916314	3.0164632675684793
3.482310002113187	3.535174637261102
3.253143068802559	3.536537540572642
3.272360681847132	3.885719693806152
3.6107310029690907	3.8996865973041714
3.2973205512797548	3.403948112852084
3.515684636028828	3.23530449311409
3.754205194437371	3.1763137281922065
3.1733830143103545	3.7358011873825627
3.802375530428583	3.8636448221405835
3.8980198216002915	3.3815336692484204
3.5659520379861065	3.7245673708293436
3.5926976603625795	3.6936033894848617
3.6186406336000627	3.0063632936756286
3.8058613428787917	3.603355957357885
3.745984351053931	3.9244213392861447
3.7895736653573873	3.3402479937934877
3.072836088527411	3.08821313664884
3.8887743066308356	3.2315578792746207
3.627724796943649	3.5538826091466436
3.286142836368862	3.1674947023262945
3.326031268280145	3.0212382552545742
3.7822924789020584	3.047652663540142
3.2472848325649872	3.6833341851285333
3.003326737674539	3.490323852345337
3.252775734385531	3.149766712619994
3.940986774781827	3.5320459942820923
3.411956841179817	3.508014386631927
3.1388625539309896	3.3326063884556745
3.3721140615622	3.884081519005231
3.247119248334458	3.2660813926964005
3.4367398165135237	3.900358491651387
3.678386096647042	3.047010145062118
3.332118868193872	3.336365867087212
3.7696658101177247	3.5521446956855507
3.489048842996425	3.8069805263790593
3.84352063660357	3.0792791291368813
3.3568089920419215	3.3938305535243565
3.388677474018417	3.35283239138348
3.838714310124038	3.544717970357845
3.390738810355194	3.152276405421635
3.4997776929829336	3.4877428666762196
3.7523481938549823	3.2624715299218536
3.304635730253511	3.9615859719968523
3.2145308722595076	3.5429521629565466
3.6395309524515778	3.3104930212223778
3.772664998341299	3.796750506159499
3.6939146775855507	3.891104216965642
3.4733558868885073	3.0678075925048938
3.0974001187043707	3.064831282191051
3.942539245494223	3.8279467933579006
3.3493282750184132	3.4025212325353884
3.2576567971078947	3.340631053378664
3.2296448742075032	3.9470077766768012
3.2593512612221742	3.232898842061277
3.9520412154397726	3.0305087261523465
3.83545885750783	3.6920708118882177
3.7413483390484714	3.185732423162345
3.3390139994021557	3.670720816558333
3.4850182301978156	3.218487644163664
3.3704784991642196	3.7631314471235595
3.6676239154019354	3.443069144611841
3.6167977757894136	3.8904900622072134
3.589029082350387	3.437298875860587
3.522505650847319	3.7005154513677967
3.726946671317582	3.24020824015836
3.7954214484668842	3.5433113337561877
3.970795275020158	3.188896390159801
3.93289373559368	3.906547279157951
3.6820015896380793	3.2651704581715566
3.9231006398281596	3.224084918897929
3.760976023559085	3.1240195474736074
3.237436957128633	3.312412092367963
3.046395549153482	3.58967803186746
3.4884332245306973	3.693435978506072
3.6728582189023697	3.792386636924717
3.0724607278039815	3.986817199804695
3.326939313362301	3.1683712521395693
3.1192809234496677	3.2219735612498077
3.794453943639766	3.0929570169382656
3.6449128153733232	3.454432618321251
3.4488786614422384	3.891608449065572
3.64609351186769	3.5962805511244573
3.932055875654362	3.036574666696916
3.493647040230134	3.2773534939793656
3.236399926988037	3.817385112404307
3.517340670792985	3.904225042193975
3.3400595889127724	3.39954515857084
3.046162789462202	3.48368116828148
3.8596799088906093	3.8744320715115634
3.88784399120476	3.353582435063596
3.9806368134812353	3.4072902998979875
3.7024930649702554	3.200649203766791
3.513272752540345	3.327934040915193
3.4102010319774685	3.471278372138327
3.0381334152476036	3.244328922693276
3.331287996656684	3.023107040086042
3.1120617479522674	3.9716179413562784
3.9619196401241092	3.9921278130193736
3.512959300243423	3.5259105510817155
3.379803550562721	3.755491280142545
3.1579729628242186	3.6115579911835365
3.9546613725685433	3.496558486148584
3.9632676602486514	3.9684360282510287
3.5632770371985276	3.0034448829749634
3.8761726786219377	3.8938969737399467
3.8214156613404606	3.4692542055902433
3.0933829358396627	3.445518424996637
3.874298740615685	3.1420993552165584
3.6022533969483264	3.253901395765478
3.0605370791013438	3.193282945447977
3.0846349856137705	3.738647011777126
3.567541750126723	3.93227351013094
3.247845429268078	3.9678317837914086
3.0996051711320947	3.7868047856137372
3.7309315273988872	3.4478211410368793
3.558820014278188	3.8416735671757407
3.4400833597992047	3.896434831975947
3.477701476460484	3.9072236685322665
3.0562299607150534	3.1814206426095315
3.5453526220168214	3.6366102298847056
3.2811294661088324	3.1092838267492606
3.177680909967801	3.621572783310107
3.246175753688167	3.381842687312017
3.9301775226395064	3.5187945984400617
3.504292823339068	3.8743566931080995
3.1494741321943955	3.4790617079578077
3.7464462964005376	3.570278454119743
3.010441428448769	3.1144766908289054
3.004943376223339	3.934759463928138
3.994882569118426	3.961375494863425
3.1463692781764125	3.541989369544817
3.1403434921586384	3.0374168675998074
3.4542771685395484	3.3675642117647184
3.8170999323705	3.5193752941546874
3.091856834749877	3.5590392075135093
3.238822124220686	3.8670143886374353
3.7543174020995895	3.8770583013500857
3.9229243688183977	3.2180330181590016
3.4821096028780696	3.8516160194324742
3.346861093699874	3.2050252848831415
3.845932584417098	3.7557123095405234
3.625004121488139	3.0706829108806017
3.5087980476381704	3.4857020354026877
3.006459303207588	3.2738143245022293
3.3820794674002235	3.722704311248538
3.34453867803629	3.366609822500417
3.997191227638702	3.73032957295381
3.8029095288020813	3.9969838003139087
3.1010936298481475	3.5427978924216053
3.628973834283467	3.831808447553747
3.3133583597864	3.1095621641977815
3.0595951223208964	3.174137163382895
3.038959806952039	3.878152313535173
3.679477040322876	3.943432601037099
3.2131968358842204	3.03444510527661
3.34841385404223	3.458920500724867
3.893094301623944	3.832591503246112
3.8827243044639066	3.485347093344366
3.859972348351544	3.25212128970986
3.753052303114102	3.4605405646831064
3.645741884764893	3.169188082743584
3.632418474171593	3.0724220920859584
3.2859129783295415	3.736793136481505
3.7432842490744296	3.255277876083265
3.2447216370397185	3.0259140904850534
3.410777990284844	3.4497632133175973
3.368960441497954	3.905755747065337
3.8819658813704976	3.1547850520476133
3.909373860835086	3.1565598298946527
3.2960769787045043	3.677649917763521
3.343671485307852	3.2976923894268477
3.3486564886315087	3.737336555896099
3.9999475847392256	3.5343372867892384
3.7001461230530888	3.5252743932563506
3.8222966685012585	3.7223427818714976
3.32524573888798	3.0357443147278964
3.5780451734979497	3.49708169635928
3.343327774947157	3.316601198854813
3.7974838432320066	3.452277447742145
3.196944000945094	3.4253230605406033
3.6729317162330846	3.7534747437833516
3.0065998424520988	3.218444649108487
3.779489360096367	3.751698211783149
3.896177242722019	3.31803013725291
3.8525500674525675	3.7976307506734672
3.034952429731231	3.4117405822524582
3.0966825345981057	3.6184062355206716
3.2757323808236696	3.8980454692061324
3.995648035150964	3.736571012869661
3.974284919730783	3.9724753970282065
3.8343184579233545	3.562519544050846
3.7390514805269506	3.2127603145453976
3.2729282809265117	3.025739331604835
3.905614116380295	3.522110997305064
3.8454646363877165	3.553112247012411
3.6222011477584948	3.6043547011161454
3.394299913864654	3.1188766183401935
3.4470548771166207	3.738327721862881
3.543153667525354	3.124309851418386
3.1405146980321117	3.72719355306113
3.026038293891171	3.3027104916898504
3.4419566954972014	3.5733286890446783
3.5588016156146423	3.0224226652071993
3.3682861370416894	3.6069827421916028
3.3821525518561244	3.1199977514093593
3.5023291195809003	3.571864335422536
3.5420185158465722	3.1317963243353217
3.0717568956728796	3.70699827030407
3.176972251592427	3.9351917392699174
3.653452878219725	3.6890434048067684
3.6339649103761613	3.240810485019411
3.643343487675796	3.0534051777292017
3.4525965182103917	3.208676961973822
3.720612267186549	3.8725135472863887
3.337724554034392	3.0896469934955624
3.486337649011321	3.569235948572518
3.4551692470447257	3.64323131539894
3.3138698764371877	3.639541339110303
3.0451802162636286	3.8706555567899414
3.9024935372197795	3.127402043117711
3.768999775668114	3.588408821952395
3.2937763479174116	3.264733752980414
3.62603149449467	3.344512377859909
3.9483776005859292	3.0286742168721315
3.715819681317278	3.412127606319796
3.3341881553336927	3.5898932214297896
3.738039452208743	3.5040138328911414
3.367923766154549	3.2773570567979466
3.2000243443869056	3.223038422592788
3.9802592889275448	3.4514036842300135
3.4109095774012888	3.8535964768998325
3.2223891730390495	3.176744453006047
3.087334805789816	3.2391676662445885
3.233127365396816	3.9511269484060567
3.962454279285975	3.2263696117348895
3.059874306556419	3.1463569653019157
3.1988653163175576	3.5265653446336724
3.939232412773957	3.2600690019090672
3.488872863801493	3.365980446013622
3.6105079865571517	3.628233691676276
3.277492398953829	3.0814885226440962
3.392417183874958	3.4756996696068283
3.9009939526125623	3.800431663797684
3.46608316131913	3.5874677596324887
3.7889051646654663	3.212588487136772
3.407577442194221	3.2032682114201005
3.6821518583082415	3.90221267430263
3.1868866149490263	3.0291538587558686
3.187213145255462	3.848995315218326
3.1363775590264593	3.278069534324934
3.051150714518253	3.188762255805318
3.2502435010175676	3.201043513049431
3.0390039544172955	3.0181657488821925
3.5942928442888427	3.3495181154947176
3.1500796269430924	3.5603544776738527
3.149754874245927	3.1057108079287126
3.70051551142225	3.6789083374600624
3.8010315641345986	3.628675271556802
3.7367920683390063	3.815430076181399
3.1607682820640277	3.080313190478157
3.5043948982242545	3.431287289370869
3.1740048255919415	3.8169141409382616
3.0439577316633746	3.1762361405470934
3.5940442229717027	3.640078889975751
3.1495429649746653	3.8742776997587245
3.5214062855911967	3.2385060705836644
3.516761461056372	3.1678186680543807
3.136613336954084	3.7968974562794195
3.454516712875779	3.4928631624411213
3.3237835365684414	3.9075532410217693
3.965670041030575	3.670114093328067
3.8789702270000133	3.9747550982449384
3.862008614397867	3.9659647083461063
3.891167771322158	3.2443734189420383
3.209780080788799	3.960261752709493
3.050017070764781	3.2610097794815767
3.274475849710915	3.599864485553044
3.184870848129881	3.7628366985923387
3.6115264730594094	3.8959195903729973
3.405414926374211	3.213294056581428
3.4996741944159266	3.802149038048858
3.247836287599145	3.8857393046718065
3.5576143973642407	3.9504173366842013
3.6294107090646333	3.5667892743901195
3.619729810829697	3.2206609789672553
3.020400271720183	3.161802047393291
3.1365061223967117	3.497881155573631
3.5011505638791016	3.6572381849188282
3.0514554514264325	3.706314831605272
3.5230133624455107	3.9221023192230637
3.7231659650047755	3.661232838091954
3.739845581924472	3.603935363120769
3.9766348400668354	3.8531836253889433
3.72658447667819	3.900079947612873
3.75863666706488	3.5804152178419875
3.977755336418156	3.8196049046556837
3.3518161066984633	3.9940304749581825
3.479671505360133	3.5562016742958367
3.6258069867262415	3.3875502920477905
3.0875428179795366	3.5311790247455916
3.200962745838792	3.6817137326429483
3.8119725008427325	3.406861519047009
3.5237505704728953	3.2396332914835453
3.675887552497124	3.473834494099375
3.873174095470209	3.59686491542064
3.565090765871587	3.3833292849527266
3.789894359243626	3.384363183411545
3.0584486320510917	3.311539456866149
3.5252908151174984	3.331602149780966
3.047276317671224	3.007833561284146
3.6735748852049706	3.581852959483766
3.4702903290597824	3.197521117217214
3.01468149261567	3.467182804869016
3.640889895154648	3.9988076099908154
3.025916643486066	3.5308752120544558
3.132783552598176	3.968100900330681
3.358918995367075	3.688379793644721
3.102850556252746	3.9416386813449362
3.324888772867807	3.1216154758290817
3.4274373089536594	3.805569559520871
3.1907691217026533	3.512477653059807
3.2020591619892644	3.9025901779505734
3.9147262021037297	3.089141243087215
3.9473321573060582	3.174602248431889
3.306804942169673	3.782008494910891
3.093018225806481	3.3274994686956223
3.5909444406508855	3.051626475565278
3.7272687638171718	3.1210743081073375
3.750214408002178	3.0071648843486143
3.527473438028353	3.158659485363879
3.257180376784226	3.4546815361795993
3.0894600933393352	3.462861274347084
3.700154553216038	3.785140538149502
3.3960178137892267	3.798073595256114
3.1051095957499975	3.541641240649324
3.9831804546754896	3.2826814248866105
3.054450076971481	3.440813437499098
3.875967527254858	3.852891155243193
3.007897696594979	3.519169288824878
3.4854907864518916	3.1400568861865903
3.108181124498783	3.4826038984437107
3.3838917317007855	3.6410074225969247
3.4624820859385874	3.7419488887439187
3.50833779435108	3.156983840390235
3.732531306041117	3.6528025342382087
3.4983773370718634	3.877094856737339
3.5598044717121042	3.7842267490312396
3.162540099712822	3.1293471141871088
3.8453800419855346	3.35889833660519
3.9113762464374613	3.008295772524642
3.274740253335968	3.269622144094107
3.203704940419786	3.822869621269116
3.0357701359905933	3.0224675932454326
3.472732400975166	3.969219643756437
3.604977954453437	3.6767181998127514
3.5873400327793377	3.185574006173168
3.325868310460958	3.0280109710790786
3.360052947206089	3.21365360465567
3.3478917106114663	3.2915484209125596
3.542621983860856	3.139265636534622
3.486491017805551	3.995147949934629
3.348834939340549	3.334524725253075
3.0932118996544498	3.9694484690315504
3.7381942467409175	3.966984627038289
3.0470777865359757	3.414424863930724
3.495450519286898	3.7999865267271637
3.569778948760136	3.9973058378845883
3.270906339194406	3.045972225921361
3.4174470638810375	3.332856438976646
3.3411051095731987	3.1432708210480866
3.063833511568827	3.8369064023224437
3.9263517494055007	3.0554741121128473
3.3555285341398893	3.127736328878057
