1.2734411498098237	1.5201150546859352
1.0073590265856014	1.232094471809781
1.9915590044450484	1.7536723705436525
1.0712873571043842	1.8169093446573736
1.482541280826112	1.5135829762831707
1.5459444131174078	1.363911241926796
1.2980218385720423	1.8196394802207685
1.1662370769174997	1.706190443135236
1.4445505312843925	1.4288739061310287
1.617320231167962	1.9590664593584948
1.7619547074113107	1.0039736584338539
1.0345388492329202	1.2507573273030126
1.7486004438226022	1.9133251436161973
1.7479335566020255	1.6661580750262104
1.3504668439097434	1.5917889286766078
1.622749715596684	1.1760269606074853
1.3581126242893349	1.196926709742074
1.1879446282246582	1.5210777747997484
1.1027380187672764	1.7871838326545928
1.6023394196434126	1.0628392274765868
1.7611527819886632	1.7085579290226356
1.8225267118200552	1.4489165416623644
1.9779154143066529	1.2068396198818774
1.4757360512743678	1.231649464070249
1.9687653371472926	1.4037361854213353
1.1736566333695855	1.4851427466967535
1.1535152329280536	1.643804179544106
1.0024728421230162	1.089249566706954
1.9053645761129552	1.355487516907437
1.924851494608348	1.5794441275368125
1.9706511241304852	1.9446080049754144
1.5262166541483744	1.2972296744641887
1.5253821536947512	1.140994358184817
1.9744011581600378	1.0957802399311207
1.5875918215085996	1.0104212066267921
1.4051044519617673	1.2602383545468976
1.8531693304054007	1.4201363757778558
1.524494251493604	1.2667445549417893
1.2719119240104497	1.4421577056004908
1.4649593549163777	1.22472213816966
1.1750356466966259	1.5563403733715548
1.3928907843171685	1.025960718148121
1.133378149926183	1.9488462230391208
1.0691074876810254	1.6642668297628342
1.5458171386543107	1.1548441584598406
1.1765670046614436	1.717841134835115
1.4846377864732077	1.9286762235207173
1.483341123338537	1.5395288062415995
1.8140362646846169	1.7027622924394976
1.3228057175475354	1.9850111017959464
1.8019542621398368	1.2821970901913664
1.0590335485923659	1.419511992057854
1.1803576727172236	1.6308411238625355
1.0463406072126382	1.9462616859623725
1.3574829627032265	1.1120561426578948
1.6777289235869373	1.8168624411256098
1.613875716982592	1.3634028690505617
1.1150361143420728	1.176446531643316
1.0433385896066372	1.6738134028648592
1.067386384673675	1.551994525149437
1.3951362045434132	1.6586119240375858
1.0008565024908596	1.0821316371501963
1.1349709858271197	1.9964990465406691
1.9389778001557603	1.1535847412513394
1.945778721171693	1.8977260539271783
1.9285314309935333	1.0742868552174083
1.3228212233400147	1.8753377297319869
1.3658389299439082	1.375687373705884
1.5618952055147375	1.7043330608374736
1.6081178034962178	1.1842238191396555
1.6995740450415164	1.4951840906004743
1.657589423299176	1.2239657589839417
1.1312496934624796	1.2136031219033037
1.8201562276946373	1.5275484212231327
1.5792832985935152	1.1891023741993134
1.0435538718974555	1.2790895387189698
1.7902978456602259	1.2897802102225866
1.4724993346233652	1.718975611317661
1.5474441698228807	1.3151086200946445
1.1947282276342497	1.1943584487198826
1.7939607324493698	1.5985118572074692
1.3046977989209747	1.5693724142691083
1.7916782834961111	1.7287657133304957
1.2994308283577358	1.1207504117468936
1.3079041913345277	1.0445290263189508
1.7920015403914102	1.6541514197616847
1.4233480728954655	1.4340540005521978
1.1345162212189606	1.3540659785789237
1.750007309563588	1.0158640876616511
1.3620932712184843	1.055460557220652
1.0075806924641488	1.3250002605870663
1.508178782539534	1.2061537583588309
1.3609712116391353	1.6002877870940497
1.824503990859927	1.0228386662122992
1.0439013820182637	1.749684091006329
1.7265555680372282	1.55863564016525
1.44704535782898	1.5549552472115815
1.2759186755126626	1.678967556811009
1.438201590030455	1.68457633839984
1.8342024464033775	1.8841520399164002
1.446880771149127	1.221824694363171
1.0132460528853944	1.0910008628854642
1.4071233386454693	1.3714287579795865
1.437854696979295	1.99728467856805
1.3239039833491395	1.0609916101727408
1.7765355245646857	1.690872489222743
1.8746323213161058	1.734069219772095
1.3296711656582212	1.3467117192996092
1.4925023953083902	1.8690579095708673
1.3748963502644738	1.05960775242889
1.670044292874055	1.7108915896452388
1.9799072236579236	1.8267400131745997
1.3568669124798687	1.6154235523603464
1.3045328239691223	1.8061378455683195
1.3277577850572797	1.7759470045297898
1.1293481653682127	1.4938096430260135
1.0946270678037004	1.661528711595431
1.7977523609170805	1.196701760217063
1.4042173368725264	1.23888723849324
1.8632435446441828	1.1772975138179915
1.4308019298736188	1.6966816745895401
1.5966738215221499	1.6292734716465254
1.1661065014030194	1.738852362928367
1.2973783068999913	1.0208482051765015
1.801247778171689	1.5860739770994754
1.3650384581445392	1.6586847299850653
1.6346702236822592	1.7468860402922353
1.059881879511602	1.047391552620955
1.4104360892254795	1.7392684412488153
1.537384165172745	1.3492969763968206
1.3443715389751323	1.5240610057324362
1.9272252063535618	1.0360531408433773
1.7963742957021647	1.971524562061283
1.489950425900164	1.4269956905030714
1.1158880951770613	1.574685915267057
1.8905226781272741	1.6190995575261797
1.2131229285175427	1.5154274970732216
1.881602947242126	1.8219518519147408
1.1968040445484283	1.0330361724955277
1.7983235536947961	1.1721905823059182
1.1682997029595588	1.527261069789036
1.9947540865887998	1.8292027619178408
1.2684177413947428	1.6870139682628547
1.3401801833599682	1.812440611031378
1.8207743360403996	1.9475778657140135
1.8907480108061065	1.3685821898959385
1.1484358342370298	1.9058747353926577
1.8311225313800255	1.5731970271917186
1.9013787704915148	1.1467771956660169
1.8751715517473753	1.0530184646275493
1.3800716981380057	1.195818346544946
1.9583592631894429	1.8265698457741333
1.501497154457168	1.604425931000422
1.428397186022365	1.8474949567031151
1.559111299903745	1.3186794889303033
1.9902648460308545	1.3640021377229687
1.5978650759663897	1.72428543051687
1.0287658158721835	1.739258036946357
1.3523576663427272	1.736988797298983
1.523158413133861	1.5359450435074917
1.7555179135907333	1.8610693868527015
1.2894569883993112	1.5519283336026937
1.3775787884093158	1.6276151513476844
1.1590039145477407	1.8251216397510193
1.5779723700802726	1.5988934364200005
1.5543971218463586	1.5381184590942327
1.6491065502089937	1.3305979624816886
1.4280069321690925	1.0522099700232022
1.9961359577444382	1.6811104282182057
1.356838987725355	1.2946681926497638
1.0333762801883095	1.9144812743359623
1.2057172278933361	1.6667082948861114
1.4870948012376495	1.6348842209089933
1.8760066806027464	1.708261936364258
1.8364295881114618	1.714888084015128
1.7701512002964255	1.2203831480646405
1.2871480178999963	1.8666047778425336
1.477989506913891	1.648381450427817
1.4341666008109524	1.258884767236495
1.2828215835409966	1.6813088465376396
1.0676983326167955	1.3981423662259815
1.6435767111451693	1.771292690108933
1.2162558441391746	1.5338341513511433
1.0746144261526926	1.9377083204711796
1.2443706270969905	1.7048534837321516
1.0999264633054342	1.2806215743263023
1.4893352909954984	1.2863190777469784
1.4701997363667434	1.9112341803987272
1.7755737284686712	1.0426915495100522
1.7704009025700498	1.1956217486664868
1.4551397134413029	1.6446464500615652
1.6579519351396326	1.777670511284923
1.9278205781372293	1.9149022324963996
1.6394107978876922	1.1876138602580184
1.4988477826025493	1.6139721887267842
1.688580348387298	1.0627504591223427
1.1230541471204336	1.4370672246088079
1.3013359071247241	1.6579875587698796
1.2160129399723107	1.9089560974460795
1.9665004230957983	1.061108466196618
1.5244022641029034	1.6967600638762619
1.3241025778020319	1.0729873433882247
1.7702012437783767	1.658814286558112
1.8066372338974084	1.1369091507660065
1.8322986661501075	1.4026973503789992
1.7683670548953454	1.7622375811268278
1.8457211606267951	1.8226653204367715
1.1429374587244558	1.1813190629370076
1.0065218493556967	1.9328575814296451
1.0453514980782201	1.3083306045455858
1.2733813021304785	1.4313058655096942
1.0545102939972901	1.1115807482328253
1.6516302174693152	1.6482196094402737
1.93572095701804	1.0478863110713053
1.027569753290723	1.2989573070733307
1.8042665086692067	1.3020392584669018
1.2054334766510413	1.4124256526765138
1.8899002342208715	1.1694881430818516
1.172190853570909	1.365318678522674
1.1581605161353166	1.8323237602775093
1.9272745935448334	1.076855766176652
1.111301987643699	1.1720637377843897
1.0538339598960766	1.4086856610415757
1.9152335266533655	1.70509838395982
1.0756256710598748	1.951129312479937
1.0141248321320013	1.4713410079370197
1.3110357948121028	1.6397241572885362
1.6736942883096333	1.0047041053720283
1.3733716667102867	1.9298597468964354
1.580532501494971	1.0564132203108763
1.2196773503039535	1.0314215937502245
1.7163249483254304	1.9791874361970718
1.1919083859907027	1.0373965263306988
1.863416343847344	1.2162721891251724
1.443530690447552	1.674483150141321
1.8844244331391165	1.0141375300584858
1.0132410827012135	1.4121249785642478
1.006186647372123	1.9643339876175272
1.376008193810137	1.7476300040818833
1.2495303453483055	1.7464412962364686
1.3124281041828951	1.4665759989238998
1.4839561013152245	1.2098793376075117
1.9246775098202396	1.4475858488243638
1.2539121940128801	1.3729117803798077
1.7572674129545545	1.4496660193535233
1.5623423016971183	1.694086906490392
1.3832372037480596	1.4860656219409267
1.3150101777995677	1.7975786155141598
1.843301793077474	1.7174482650089162
1.072373758747311	1.5010816588674203
1.0909591946092538	1.1881437878031034
1.6748280990367514	1.5998679656760402
1.351528093593232	1.2555855526026833
1.364176587559395	1.2386720786442658
1.9676498616782765	1.510667016372484
1.3146298662046947	1.4918066745213192
1.3142591809972046	1.7615613557873386
1.2001459005405277	1.5551512726373273
1.5596520302239267	1.7152235507610856
1.0550403183976766	1.2842672507075215
1.3172849525523307	1.0562630936402184
1.8687213319005904	1.556831046701863
1.376191195998043	1.797670260259442
1.803840816169985	1.4720521752671054
1.0126519959121603	1.7914823409248564
1.3052941220000407	1.3951245227211477
1.899968693245067	1.4443229155706034
1.6368150124350405	1.1241698960938251
1.5266856717430892	1.966415920827353
1.2387507541709843	1.0043325986115308
1.4995000113955332	1.5804602500923841
1.0349867136825517	1.1962467794494778
1.4141124370917286	1.4155772282025414
1.3886660771934485	1.336980390116774
1.7577108113711084	1.8339690716100634
1.8922820930014836	1.6349683760560363
1.8917188440566868	1.1229276350593422
1.5593607300070698	1.6953415130530667
1.0663303812584692	1.1768006912197473
1.4161741173265756	1.5012046324696688
1.1960200383828719	1.9168582704132064
1.6694180132516445	1.434247853949559
1.910710274769881	1.852534172903994
1.0548254354781994	1.523940612445574
1.702833985631175	1.7863143352830084
1.1976060633892285	1.0748100667637874
1.1191862539417161	1.1572477917534534
1.7762507136925219	1.407736447258924
1.5605137292718667	1.4760713908650076
1.8697808623785148	1.4051740013034961
1.6934299693975225	1.3828008347796235
1.6832936714173332	1.449919382217137
1.0129110738690803	1.3996194383738183
1.9126403263179	1.473384864757459
1.2123850882878497	1.3786400830663035
1.8675503254898191	1.6185597801164098
1.6757248324242453	1.6369904190946876
1.5144083180065997	1.529145394809933
1.7734506472076812	1.4019208187116639
1.273551280615076	1.5734798326672994
1.9814381803263827	1.2853344185666349
1.1924858001248522	1.1855220705265523
1.0874313732661234	1.4301822692412758
1.1672200642545822	1.5793006334918818
1.1652872753749044	1.8642575293218273
1.5797879737349418	1.8919184111334577
1.8872308439728205	1.2119334017966996
1.751514382795838	1.0121689851371256
1.4435574416554864	1.6038544120229403
1.5533409436135412	1.5942858646276856
1.5860468253339843	1.0803552156963352
1.6475145551751802	1.9081580937164278
1.3771064719755766	1.15737028178284
1.4868901855455647	1.0933846615425358
1.9386023093120226	1.4561040136526215
1.6672645567298563	1.3070435999035381
1.1284820708812862	1.2563689001873728
1.8233313910160112	1.777975654924735
1.6937581796152803	1.2662807688827382
1.6304296665030027	1.8216931493882902
1.3462367683659844	1.7619984748053987
1.117785827216934	1.9631879281070512
1.3694211295481944	1.2312533337304234
1.4474659796257674	1.829776255349112
1.2190715536337602	1.2031255740352815
1.397760192946155	1.1197990725411717
1.08783804075825	1.1054284403336434
1.7607356657572828	1.4138080204460253
1.2714453143773365	1.2033481016638001
1.461826543643821	1.9903501223087892
1.5504113116492348	1.5848158536625707
1.4224990523055128	1.301884762543463
1.8245429545237413	1.4309370129907237
1.5757533207676966	1.9953151186747484
1.0110146019058817	1.7419208650773523
1.2250891764855942	1.4247267145225595
1.6569957356721532	1.725847396925651
1.263816515765663	1.6917667311025855
1.5729563199249337	1.2558503317776055
1.1462460113234383	1.1067351836126411
1.9906177579806084	1.4860392706860635
1.2321740810987039	1.6071974097837765
1.2131335521139164	1.001303800343166
1.9851045801384273	1.2933838832280844
1.1828658173053714	1.1725578651908881
1.3895158829169927	1.8279024231315941
1.0345820015700196	1.2258634467382876
1.1743984618782906	1.2896779789907042
1.7956413475620754	1.351858076696248
1.5148196841725388	1.2628330237258432
1.0573813081349313	1.7525236482385749
1.1952332626672264	1.2628307045418254
1.9846164691007953	1.9750872851407613
1.1183120095109524	1.095176785469677
1.9263011660418794	1.5891278182983322
1.6190078345354952	1.9365925232711714
1.9233709395147502	1.8490109676244182
1.8240421903909807	1.903451105713628
1.9673094274851919	1.4901290947384367
1.7800751857762571	1.4637867604769164
1.369841957892225	1.5792250057988917
1.207790044256991	1.5640552600277022
1.502229037849074	1.5629545317969398
1.570641222559615	1.441685298578847
1.044702787203126	1.0121003878044244
1.9036406666921935	1.9145737908286926
1.9114266244072091	1.476489443474113
1.2730468101219687	1.6146042580846482
1.0904090696545157	1.7864224754776226
1.9745389000028741	1.3197964850330584
1.238629494412801	1.3822871680774078
1.3918171136075035	1.753737096550895
1.9887814104887245	1.8848905962120364
1.304361714778255	1.1409474615087742
1.5406407035922216	1.510662003347249
1.6421219459801726	1.820336224621145
1.4716621529290252	1.0188854780521879
1.2149529705010371	1.620178936852803
1.7162498874245344	1.8214684643411072
1.3781716642599742	1.1827184377423987
1.2600909523354733	1.2950405726123126
1.7831503307397751	1.4158628107211113
1.9267280731300014	1.9232962527721718
1.7255760225603514	1.672721001454653
1.2318717584244498	1.6340093154238522
1.4523292724020167	1.3830917804737801
1.6589321703397013	1.3220223852946147
1.8129113967842985	1.1728469661907908
1.7638450587377	1.7324016973313636
1.8889628065516737	1.4164228279980295
1.9797060013210142	1.0163437388366348
1.275050564266556	1.3755529111547495
1.134939147861639	1.605771678624714
1.6384131485194258	1.862878476044859
1.684592307559403	1.240541543464785
1.68326682703532	1.4755557276449658
1.834870850482675	1.699033404166034
1.882513372536934	1.6190201650790637
1.8212266811608022	1.6533244240606937
1.0632349639972076	1.3012565699543104
1.5342918732556403	1.5589997774495583
1.254702204221522	1.93291875336502
1.2376651611971066	1.3507357573352108
1.2953231285008306	1.3888481489427424
1.211390839188335	1.45435575657678
1.8771944272224008	1.5566394470607166
1.7869766580050466	1.8601551530995875
1.218734823485816	1.3548343704956878
1.7298995360973315	1.8666951305019515
1.8600237567706088	1.021238289986278
1.2865132402869723	1.279822098517434
1.001556731308408	1.7321062993130831
1.0782162847066397	1.990666380020373
1.9770529963398635	1.8077204860593645
1.9898293969644767	1.755447923465953
1.026211744819311	1.787215839262219
1.1652097747366286	1.3311590556812356
1.0022406327840772	1.0278906032877981
1.1847312536357308	1.0669254247822133
1.8587120731373235	1.8780826709590035
1.866717233832271	1.198962894570406
1.9139082862893795	1.9962974710432264
1.5061438565251022	1.292125861608706
1.6478166437262884	1.5059545523178992
1.1209448853655926	1.8769269575312268
1.8797958862357491	1.2898301345709247
1.708914004925714	1.9601124162529753
1.0468732387303805	1.1234485976179212
1.8142256201528775	1.4436783507444102
1.1442256797214623	1.6802815315861688
1.4917623672195641	1.2954890246132462
1.721893358824476	1.8442916269347291
1.9309104748373984	1.713358581711046
1.2054311690698962	1.5814551331299982
1.1123297127972065	1.9763429364899943
1.4381525299756837	1.4708116931198765
1.8703484753521833	1.0152508661950836
1.1927019377881038	1.6051742199487176
1.8559605307554752	1.5461021088485065
1.3689293857657259	1.0895259657688812
1.7454230609687653	1.8271882833860422
1.900398335826952	1.2795817621622447
1.1361867530647596	1.8669318936483892
1.940681910466816	1.4887078746245594
1.0649749309349006	1.1203673375469276
1.1843775165446604	1.5124603939299068
1.7719760868160845	1.9129338784610792
1.0493533291734376	1.3629393198389663
1.7835144637541114	1.7280117582495254
1.7340034761126413	1.6061123603186347
1.3174559564289787	1.9356303518587017
1.6815538760256206	1.8282206927549418
1.3199441992586114	1.2114839200048195
1.8930025568805127	1.228681617759277
1.9200338146091667	1.0110315664763632
1.547554690356961	1.2739374066121165
1.2632396802847459	1.1800470380293286
1.1061320213510442	1.8859301819947731
1.3388412461797974	1.0696598177051575
1.6228274575645534	1.3441526289363324
1.0389528116196876	1.5304513844844507
1.7204071595402528	1.89928313115737
1.3554579532110194	1.5826755083268018
1.952178311449749	1.241261271326147
1.5062919311954952	1.2600293851169728
1.838019315526548	1.1161457099650678
1.0987431821462814	1.4391675944442923
1.9520309713149975	1.8317167638650091
1.959800357293005	1.1038178509989842
1.4435781823255085	1.7961057223675054
1.1096029106729723	1.942704349663524
1.7343453791445427	1.1770462786375069
1.29263775512154	1.9173839392173824
1.1108320037012809	1.2883543063925842
1.0405721148685405	1.7206215191276173
1.299633440231649	1.8340879933910488
1.6076182172014408	1.7383669204705203
1.1426305418485248	1.9633180712901712
1.4473884150632919	1.5171263575990865
1.511878248925253	1.799208613876584
1.4096708984764024	1.8870468814639403
1.19266739534386	1.290303902483329
1.9518634139937703	1.061687042446457
1.4984810173969734	1.811463291742435
1.7366451172953243	1.0189083332899436
1.8921483611951326	1.7499789450969176
1.2732300242439876	1.3143221444898763
1.0800867378459256	1.9595942912711455
1.9030282353416603	1.5513629797062944
1.4017702456290129	1.5043661477987915
1.3530456303031442	1.5417595763215242
1.7738098586271378	1.3378111171329587
1.4118613529655382	1.0546986122929112
1.3676216284343292	1.0811394502814957
1.6955120380381232	1.3155468570043491
1.905643459460883	1.4185199551112837
1.1939322206431058	1.335980316715322
1.5766848769921396	1.7028105539895062
1.89611360783069	1.1739326231269276
1.633214619374947	1.3239814315905583
1.8305028478595724	1.5208815045723605
1.0872704902308352	1.7549078652181456
1.7862401749153913	1.1673989983318356
1.1424879915398407	1.1143223976313037
1.7754634112546204	1.7893810915416415
1.7540294632066575	1.7795038708324507
1.2216462917342599	1.3809993846234978
1.00697415215792	1.8336110540718573
1.3040982351528139	1.6763039994223998
1.8728943388537775	1.175256305731415
1.2668237539203502	1.4183110799002816
1.61744623932861	1.1575725343192826
1.1918524040413512	1.3642906027903927
1.154422115908009	1.1297334301080073
1.647029431548917	1.7141023615956783
1.888675137919554	1.9645483242774628
1.7506219228336155	1.3811071394292957
1.299752873214995	1.8391214389163006
1.0718061681029964	1.9882695691653804
1.680851974815445	1.4425608806092702
1.4041958175243416	1.3426418065645245
1.6594284363325933	1.4524345506925016
1.2124739570223566	1.8627094235265798
1.8949790463600151	1.1149247971772982
1.518077977315893	1.5272767467476647
1.3196261624653576	1.6202430882941692
1.0615546193924472	1.3019806743766318
1.417179370287482	1.2003407784121936
1.1215648304516765	1.2883478912579083
1.711891579765728	1.4831164781135349
1.144945974728743	1.7594145592720278
1.4575861833782322	1.4799596056239568
1.4097513584649193	1.4738781741762854
1.3215807286801176	1.9429483593291548
1.2749512341840068	1.1062703628088955
1.6461830885017492	1.716037814643584
1.279767966334962	1.847602381811052
1.9755538542831304	1.222539083980159
1.4693215870677028	1.6904865423302786
1.6822340607168635	1.3910733599819758
1.1633171096033952	1.7620790097715697
1.8512673676914941	1.4737867430584246
1.6095366290883242	1.4352214476272072
1.7272025869652003	1.7762578465822645
1.5037610568457966	1.1282146366767023
1.1102129169624066	1.4158057064946856
1.7473094116713672	1.0381839602868073
1.8748012392173754	1.1776918540620414
1.800562032852838	1.988304252821918
1.2386960252406278	1.6615586384920584
1.601546428444041	1.8743156767457125
1.0627642184296886	1.6361406437265793
1.2983168641135543	1.334534040641306
1.9576546589818118	1.3080330202198636
1.5340224388142651	1.2832538273511054
1.4751441396392182	1.2080584528381286
1.4159114901254153	1.4026912207861284
1.9582420791550605	1.0847083466184197
1.5843405872276253	1.3425719806846632
1.781344357900302	1.3359100977878198
1.9913770152421193	1.460417937753443
1.4398915437074966	1.0354830294287214
1.0719608227669846	1.083927118392607
1.6856008402782001	1.3965373419085103
1.7873115198417837	1.226317973411556
1.823716947697366	1.603216576277126
1.5722210234448446	1.4674597702407675
1.5262881327602578	1.353388210210774
1.143579024372971	1.8240377174636928
1.5583005902890297	1.5818791481766947
1.1259934777477105	1.2701691078193793
1.4625807356349192	1.0719408270684827
1.9192767537526438	1.3290699137695263
1.7202373612921846	1.575210158923474
1.4544329936920577	1.8733700969109384
1.6277355822238997	1.5501091894816557
1.4231803274294075	1.9479758855288223
1.8291651698322056	1.557842389754795
1.1598641745513105	1.9603563903548258
1.9844322015162752	1.4873543801243758
1.4351646485696743	1.6221134667157049
1.6602874585056124	1.7810795297071553
1.9348328272822597	1.1560424609627944
1.868941624960775	1.9883937292204497
1.43411065169964	1.64659879322853
1.9105597920408326	1.5536221845417084
1.4724733312528477	1.576069319933145
1.7572811133742379	1.6899532466284697
1.9107137642579561	1.7949095624673592
1.543086127007164	1.49751298226461
1.075596801583917	1.231431025138805
1.3749414656241634	1.6674674039217798
1.4841648998058168	1.0630068194819102
1.9695627062306902	1.4320873172938313
1.8406539557612638	1.184567875823325
1.5594206943951294	1.0189243715028455
1.5764766698186767	1.5598142662279506
1.9363495654554577	1.4691828327646244
1.7386147293177316	1.0583892203447962
1.3282086623412872	1.8706908731170557
1.5121143723180417	1.1253585113214657
1.2207777429531326	1.0282661988712425
1.2795942275501448	1.961509637766608
1.214164667956823	1.8332927070245266
1.4040882035496827	1.4550547242470822
1.0845884400597177	1.9624780151888654
1.400573096893437	1.3441512128652304
1.1976414403187463	1.5022380638722348
1.2570326451477944	1.8012765628572072
1.8538734618390127	1.2286446746151993
1.1466806381417936	1.8927368162718416
1.875642485739033	1.5692728208718418
1.1389847110188045	1.8301779753933556
1.8230362283264236	1.4709407006940927
1.1760254753176806	1.5428843687941907
1.975697745779776	1.551496932349206
1.9398847747774086	1.4874719097964353
1.068855278079667	1.3951909596437688
1.9810402579758284	1.8773601620060345
1.8758105450735822	1.6344063032126612
1.3675547941421877	1.2257916651613674
1.0527024213933145	1.172837747152228
1.799296013806491	1.8657189842230022
1.720811494474881	1.8951756796795247
1.9233732368833696	1.2348796448367776
1.7810641442442554	1.4978527136110846
1.5837796896716088	1.5190113446612994
1.2259875276318324	1.6436977106094752
1.7107078711338515	1.216505858450363
1.680060842168626	1.5146726631826368
1.6791409365167742	1.2531518395256116
1.617717258473847	1.8577241056095464
1.5812596857259715	1.2678638770620463
1.0978749805750945	1.4859516140129783
1.0671761337014152	1.5202561734052835
1.2341709525823226	1.7533968809303875
1.9401486542768804	1.2420418913191624
1.9039548363867342	1.7424209686875496
1.5110598287642976	1.8929741653743122
1.7190650036211879	1.5079123813299034
1.986687680431325	1.701725546065538
1.2325146759725527	1.7082987583181724
1.749735413656309	1.0053905286703042
1.0107097252213633	1.7524343562024773
1.941673562966856	1.9985963204273807
1.4761628940095481	1.488006618664076
1.026474373713765	1.7514459218667442
1.386861780009716	1.171104442189769
1.9050007309652175	1.9509943797813802
1.4158215350286065	1.1783926474249258
1.227655048531046	1.0113495528278502
1.5278529329327055	1.261141016910726
1.4180804258142858	1.4019725353442625
1.9968832545073747	1.591778157073131
1.8927746763028934	1.1946322132391252
1.451974219330217	1.4478295276281075
1.2198304672585885	1.9453024963464665
1.499939082610529	1.1875581329578826
1.6567280130150368	1.4537219068300837
1.7170094164470173	1.5281736039066203
1.9932293069527625	1.0696798670313767
1.5799698591229374	1.9202665876295897
1.2246816283399746	1.5511617487626936
1.4403504400898366	1.8805506861171044
1.4817595730294886	1.0784189419998365
1.7740354628546913	1.9079323137981312
1.8985873951167913	1.0375623081526164
1.2647402018576444	1.0970414424603199
1.1816276446237957	1.045159463219648
1.5745592998223499	1.5790792414649382
1.2983835395747012	1.6747013390418224
1.5735962262419125	1.8581953928424617
1.5358825378750507	1.290107992222251
1.967528315430364	1.5168774632898918
1.2624596213441137	1.451798827125945
1.1502688904512761	1.1654701200656863
1.574448279959507	1.5456697879542873
1.9542581855846417	1.0857057728037953
1.624915228402887	1.0914450775441678
1.6058893938834147	1.9635772402552794
1.455865021546778	1.839920016870793
1.313688266502865	1.5616295033762908
1.2801252111258048	1.9227943336529003
1.5964463909751192	1.4517962351808043
1.9076909796186294	1.62392761252673
1.2563695937431927	1.7135003824585857
1.141759979260895	1.9265117424065226
1.7539221355225347	1.2460548442745025
1.7571367733247119	1.0114523803929734
1.6914899338976157	1.6630656446306116
1.6999401057243846	1.3248226086523485
1.3979770504076747	1.736064428053786
1.3254923299663992	1.8342039533153023
1.852292878687438	1.4440800446880115
1.462235127179548	1.8310725988855703
1.377027931870475	1.6464686734800043
1.0483750463580974	1.5711133973882716
1.3151025989946485	1.595044679454003
1.6523236970980475	1.2977335951845297
1.4643098319426946	1.7625481355405426
1.4508634564000944	1.425915970138734
1.7905629176161209	1.6359300277199749
1.1899734857229554	1.2695779273572394
1.5620189583397057	1.3021019226160009
1.743424760524866	1.2309162260087012
1.7100590730270704	1.9258401317505363
1.7864228205349504	1.0601855849867183
1.5775616331723155	1.1876524909492363
1.0023135252045903	1.7193147492978709
1.669105702767634	1.4519949121693276
1.4358123878379363	1.2685778708615167
1.382271029414373	1.4522190602253058
1.9350490683217352	1.5174385749253534
1.6791113175148644	1.9739511001104328
1.3730018317813248	1.9923900865340844
1.51978370129325	1.9234978772126934
1.1764504364181294	1.1294918687521704
1.6003819043730003	1.0773159437771889
1.1372173534954515	1.061682437503849
1.0791166652585393	1.82934413938537
1.3949972330140528	1.269198872470327
1.0688184803211827	1.0099982716343319
1.8779285301104913	1.40579609168373
1.9277295272837711	1.500928132334689
1.427404005500354	1.6493665382885125
1.8089375731712867	1.6511537976230517
1.9703287601128094	1.4000675695205922
1.836442755276099	1.834412486122421
1.2447978653597076	1.2744098836219115
1.5615911866743288	1.9231775163437437
1.2507775977480744	1.9753251144913904
1.4030500038108031	1.3664072026070664
1.6286307783787626	1.7484789665623355
1.9729903396541153	1.8491471860193656
1.3715854155643004	1.34127987127656
1.995239515874672	1.3466057390299357
1.2534348518471774	1.3816785661240623
1.3112526037327106	1.8837007248117772
1.390568793299876	1.021184054135041
1.8063034356357826	1.7551928992687627
1.8207025550826788	1.0639301066068096
1.7647209774897408	1.1345063083155615
1.168358593776767	1.4693759167645397
1.0010829397211503	1.4598803451860092
1.5000232155868733	1.37245902321742
1.7888840674809185	1.6819218841043124
1.4056105260628566	1.1476383937644523
1.2224823161278304	1.6800834316622066
1.856491070315276	1.2731314440396542
1.9170373379449608	1.4805314261526266
1.615288421487553	1.6053903955986075
1.8446429094613408	1.9941650222302998
1.9903807119290429	1.8343382547803726
1.6118299426562057	1.747554260671405
1.4406010535595235	1.8466038878363649
1.5749111637050692	1.590422987693624
1.1316672196138886	1.0459988509550409
1.234911838221664	1.9924606799167326
1.250264300073518	1.9832869432687859
1.2036951694502698	1.324446541770687
1.4496994147737088	1.470436193843649
1.2332444118353771	1.7670554850315026
1.7325316861099762	1.144808831694581
1.2701269539992115	1.9337640794458961
1.0227959231116768	1.831971935644777
1.241853845785074	1.3182429272859033
1.0717272753167473	1.6035186130325827
1.225257133442147	1.531459596441883
1.876036269990768	1.249366934882506
1.7892132707423272	1.2844953438806916
1.6405533448389331	1.670167221564161
1.668804873384101	1.2703557943576396
1.3351275983470199	1.6184442112788466
1.4810967152780847	1.1836595900878017
1.64028357859558	1.85008803510759
1.2210283474917367	1.454017438299871
1.7688689938227853	1.331969668915556
1.9888574854597392	1.7858697040547984
1.6420913482497368	1.9799579200554762
1.6524307686302602	1.9190246591926652
1.224526417054327	1.6932440744366861
1.535657173483915	1.1563213519779905
1.7776220399118818	1.2587264119722736
1.5573124309877622	1.58366037303254
1.6533168583439226	1.4522234767219118
1.3845645357377614	1.0080673889701761
1.2499354482630762	1.7578383588186572
1.0710805629381264	1.1673933217982195
1.5912050860310214	1.4038195460976124
1.4067645601481282	1.5242316576698336
1.3605053605254915	1.1485076621501267
1.5520205493642631	1.6630760122763493
1.3766615903744401	1.342936778069045
1.202443539509419	1.6944138882144129
1.8218392653426398	1.0939645159895213
1.7500362759681112	1.0764466477976788
1.5762965052513973	1.109869261492478
1.8420670064807467	1.1801086875093527
1.4454210105393797	1.9026586782441777
1.0409207936400593	1.481076228286546
1.262230450421971	1.882488665982774
1.8200510445151545	1.2795775408243184
1.3665468725923857	1.4604046674376145
1.2218672420545444	1.0029593596875679
1.5582363365032723	1.6040011103761276
1.2432230740351886	1.5814261350091714
1.5067481319471785	1.2557336301219078
1.2049474411716101	1.2813553418603667
1.115981913879999	1.084321555912029
1.7030644447601353	1.338375625938335
1.9509743706444547	1.4491470860450595
1.5659340268345108	1.4847676047977583
1.645185657521	1.5973336581326074
1.4530053921017463	1.6576058721708817
1.563853815361668	1.044810596455188
1.7292033451627833	1.362790562420031
1.7961963684944426	1.6740294828952602
1.8354063317222908	1.1397300016111276
1.3988068738802073	1.9849694108385032
1.4779015761900605	1.9633421249569043
1.6697165964226923	1.0825815684614626
1.4335907748387062	1.0698906948933746
1.5730809468488562	1.9359876657459543
1.9380989539692774	1.7879382055466355
1.6706549406497393	1.99647353637206
1.1887164540719035	1.2727365241849926
1.1502225094776874	1.0755757644067907
1.2404024213130516	1.4607961039344273
1.385986447779	1.3124879779656036
1.136230957569945	1.3039851313889173
1.1317941517836339	1.172822705674339
1.1796351682584612	1.3277968390193822
1.0660117188762257	1.5636702125049013
1.2215054938213314	1.603213965128568
1.6959797503389502	1.4484215790533852
1.354719560649683	1.044289570683639
1.7319587995923091	1.1106473541915984
1.5596238677076844	1.9922262817119956
1.0920645523045898	1.1380614991276996
1.7644919928597342	1.2274555698108003
1.6301357182673404	1.136014149175102
1.5183391062760982	1.3257539522442383
1.0211336328246008	1.7131369610336824
1.7239916330321303	1.0162259849340805
1.6304456409231638	1.0663247871472143
1.2439387573421472	1.9412440226079428
1.3863581660280095	1.4698010575071643
1.958577658140256	1.6320158949965524
1.9293207339947003	1.1791764306398718
1.1391261587527066	1.1458249156367448
1.4957809855829007	1.8366130234177827
1.1552488777147731	1.44285555966602
1.0840628695078	1.5228644980149555
1.1322394447652373	1.4872365779565317
1.949427104732713	1.7181973640402708
1.2765365513401465	1.5407268943575876
1.4561601888024804	1.6225006166953313
1.430175243070307	1.133718923931421
1.6177525778736934	1.778015506956263
1.752817769167515	1.7815062360809237
1.7892766802270896	1.9892400305199573
1.9997991474760135	1.7182474886834158
1.897216044253061	1.3973257407665107
1.341619638502185	1.1741772500265633
1.620289000977379	1.9200454495160337
1.8254189791926132	1.877366346349688
1.155115424664781	1.1247954359228385
1.4472528944616383	1.8052493330686654
1.9003745414048159	1.0300453584873852
1.502967421329035	1.5997310189486775
1.1025442200951665	1.1981188281513988
1.1189399157224422	1.1605216078958087
1.5399890252665005	1.559892999945551
1.5106033072025618	1.9403336118689953
1.345422299541426	1.0972774888334418
1.5617503742629513	1.3402212078273936
1.3353069500676407	1.0453915864305832
1.6277336293474791	1.8321866693440128
1.2203030926534666	1.2578579248065307
1.468051368529645	1.369124546234997
1.721554439641509	1.1263524380827383
1.1098527899729418	1.1892275514211132
1.165770548117131	1.9149483670286025
1.4383916095518838	1.1745815203076466
1.027486112388035	1.523552432233274
1.6792110634063828	1.9441824935311027
1.455378256521552	1.0510590552739438
1.1083049080589324	1.396259995410766
1.3429752296020436	1.5579302421749528
1.5451076016176786	1.0943931941877352
1.4768366736081329	1.340346718552231
1.3432296617241422	1.6290129838801066
1.060129132722999	1.607913634051683
1.2116279580813305	1.8740581948083106
1.5894011233607725	1.7648300014430804
1.0274864640074517	1.0290883602823164
1.7999134649932875	1.6549478611715625
1.0867933209927523	1.7193861118039564
1.9900049146066603	1.0197170500126211
1.6019284964750582	1.2331736531374982
1.6022907001080267	1.376342236224252
1.4676155356517138	1.110022760145612
1.6075028966913867	1.4634194063171626
1.904916197293632	1.9707873095287074
1.0151778632996495	1.6790653849452744
1.2485974038022247	1.7298469104496097
1.736961197242361	1.277622201806023
1.2464190773019332	1.1250768219853806
1.9705824587076428	1.9963732281953919
1.1436790730920272	1.3758646601529483
1.1384900495675603	1.6586268889502662
1.771548597511981	1.6771587292883114
1.6660980790598487	1.7623307501143446
1.4971644966821218	1.6400332653083654
1.6717495975383194	1.5713146443942492
1.7929122762203549	1.8751691836611069
1.075006731197493	1.6911057718138782
1.8212264617897147	1.8032804542898462
1.5141883875985136	1.6234470701025567
1.016508242512809	1.7715411979304339
1.4648457660204048	1.012848876857841
1.1096074813393986	1.7774184937239803
1.2283517601911147	1.3545080143123416
1.3004968797541225	1.8040316921105224
1.803794151411666	1.8418576160676978
1.7954109227356314	1.6009656808894133
1.4709741191974326	1.8854097093866464
1.7803435856030974	1.036263329460424
1.7119302615949052	1.1235614205062199
1.9396410053341768	1.6656251912548674
1.8238595166422995	1.0106571365205155
1.434926386637708	1.4988606797990531
1.2426337760997628	1.2087833889327761
1.2276744797790555	1.2002411928969132
1.003016836043999	1.6623788636503174
1.886138865814019	1.7049620635972436
1.445304322095997	1.0421141245077723
1.693297908547478	1.1473084043765003
1.464642410173162	1.4776817223975982
1.9268895782436828	1.02362729708803
1.8916576318270777	1.0927647797426858
1.238043368906897	1.5161433379188733
1.8632346273578566	1.5352566499003957
1.966569218536217	1.5275533386538858
1.6103823222827964	1.3461524085282424
1.205474988829462	1.870855591786777
1.669413255351797	1.4662199989825528
1.084526952710517	1.4825257110466095
1.8484126800649192	1.0234823706469403
1.1632100600490167	1.9579963801637508
1.3913698916525454	1.1501149254262053
1.3367000441248154	1.33653234336058
1.245426402314866	1.4118242119176334
1.9186282596189435	1.9925562532605525
1.94848885226812	1.5434772174037694
1.2114322388939542	1.6150060405042386
1.534817854136249	1.0254742185843289
1.3987848378746555	1.621475824255626
1.5840274953329225	1.5937754485231204
1.9723666029793656	1.1613197925526189
1.9702145843104724	1.6002300835358398
1.563967743638473	1.864203169963854
1.2554602901863803	1.4343555106543748
1.3305580302981233	1.3366592792048766
1.0791718024057384	1.1622500989117168
1.774254302189711	1.4246656130188966
1.9514979874733278	1.4973967586472456
1.51453719051332	1.5132851898303508
1.0209730633904224	1.4647678834676343
1.3159542084992775	1.3424595033517606
1.7676193044094575	1.0302595838588569
1.8289898155052797	1.238093813245075
1.591600575220161	1.026100194617428
1.890393090077229	1.1081737962809637
1.9746908266215484	1.5472131192984495
1.9639062531035307	1.7388791234287264
1.7173526883043122	1.5406512618529358
1.995814487571414	1.2071652143338731
1.2602127873743132	1.1898296132908117
1.5657948044327923	1.4617680360141347
1.6986000276371258	1.2054311214270168
1.7205590583776937	1.5873279827012956
1.135956159759878	1.623066764924925
1.301133223638198	1.3141194649536283
1.4294192049867047	1.92230956704705
1.2613689810556	1.7074193854473338
1.9512244057659653	1.6974343583337241
1.2688723146166883	1.7729888353270347
1.7096603513397786	1.7893094287980242
1.3399966541226673	1.3044290006465755
1.9852289977359763	1.9199025396079925
1.2955547818249538	1.1455655897617927
1.8557614460054506	1.1633781830731822
1.509739208878389	1.2618460185723541
1.929311481438631	1.0109942359186124
1.8700630329886476	1.8806345063542804
1.1807792134898905	1.3681452539809171
1.7506017761687382	1.3554198332067673
1.1900126871181573	1.584462453692509
1.3877034969331303	1.2041968257202575
1.6139095712807507	1.0847109945142048
